0.116507936508	0
6.76439909251	1
8.62517006751	2
10.6827437635	3
12.6980952375	4
14.7236507935	5
16.7460997725	6
18.7736507935	7
20.7950793645	8
22.8297732425	9
24.8465306115	10
26.8787528335	11
28.8991609975	12
30.9263718815	13
32.9236507935	14
34.9695691605	15
36.9991609975	16
39.0246712015	17
41.0460997725	18
43.0761451245	19
45.1002721085	20
47.1262131515	21
49.1523356005	22
51.1809523805	23
53.1821995455	24
55.2224036275	25
57.2516553285	26
59.2775510195	27
61.3014512465	28
63.3293424035	29
65.3542403625	30
67.3741496595	31
69.4045351465	32
71.4329251695	33
73.4553287975	34
75.4767346935	35
77.5031292515	36
79.5350113375	37
81.5519274375	38
83.5628571425	39
85.6037188205	40
87.6231292515	41
89.6570068025	42
91.6629478455	43
93.7078004535	44
95.7257142855	45
97.7593197275	46
99.7794557815	47
101.81047619	48
103.834240363	49
105.858730159	50
107.882494331	51
109.89755102	52
111.942063492	53
113.958866213	54
115.98553288	55
118.014376417	56
120.028707483	57
122.060453515	58
124.078412698	59
126.110884354	60
128.141904762	61
130.172199546	62
132.172743764	63
134.211020408	64
136.237687075	65
138.261451247	66
140.26707483	67
142.310430839	68
144.328390023	69
146.363038549	70
148.39478458	71
150.415646258	72
152.440861678	73
154.46462585	74
156.4969161	75
158.511791383	76
160.542358277	77
162.568027211	78
164.584535147	79
166.613106576	80
168.658548753	81
170.667800454	82
172.693378685	83
174.72185941	84
176.741269841	85
178.773015873	86
180.783718821	87
182.815464853	88
184.846394558	89
186.872789116	90
188.883129252	91
190.930839002	92
192.94553288	93
194.969659864	94
196.984353741	95
199.021904762	96
201.066349206	97
203.076326531	98
205.118390023	99
207.121678005	100
209.128027211	101
211.171836735	102
213.172290249	103
215.219637188	104
217.258503401	105
219.271428571	106
221.301814059	107
223.32122449	108
225.343129252	109
227.368526077	110
229.390929705	111
231.422698413	112
233.444217687	113
235.470362812	114
237.491519274	115
239.521904762	116
241.536825397	117
243.568208617	118
245.582403628	119
247.614512472	120
249.656870748	121
251.66829932	122
253.70707483	123
255.721405896	124
257.737006803	125
259.761904762	126
261.782811791	127
263.819727891	128
265.827528345	129
267.865804989	130
269.899365079	131
271.877414966	132
273.940362812	133
275.964489796	134
277.987528345	135
280.017097506	136
282.043038549	137
284.062811791	138
286.087664399	139
288.094739229	140
290.12829932	141
292.157868481	142
294.178367347	143
296.199954649	144
298.238594104	145
300.264172336	146
302.27414966	147
304.299365079	148
306.32276644	149
308.330929705	150
310.364852608	151
312.410385488	152
314.421451247	153
316.460816327	154
318.474421769	155
320.509433107	156
322.508526077	157
324.559138322	158
326.560770975	159
328.608480726	160
330.60430839	161
332.652380952	162
334.664172336	163
336.701473923	164
338.701179138	165
340.749977324	166
342.767936508	167
344.786621315	168
346.809659864	169
348.83414966	170
350.859365079	171
352.882403628	172
354.907256236	173
356.930657596	174
358.948253968	175
360.978911565	176
363.003038549	177
365.027528345	178
367.049478458	179
369.083401361	180
371.099546485	181
373.116054422	182
375.128571429	183
