1.654081632	0
6.316326530	1
11.104081632	2
16.137755102	3
20.126530612	4
24.261224489	5
28.331632653	6
32.516757369	7
36.591836734	8
40.747142857	9
44.848979591	10
48.938775510	11
53.112244897	12
57.365306122	13
61.491111111	14
65.724489795	15
69.898979591	16
74.075510204	17
78.290816326	18
82.472448979	19
86.635192743	20
90.783673469	21
94.951020408	22
99.134693877	23
103.330612244	24
107.510204081	25
111.722448979	26
115.948979591	27
120.101020408	28
124.251224489	29
128.304081632	30
132.531315192	31
136.691836734	32
140.855102040	33
145.079591836	34
149.218367346	35
153.395918367	36
157.571201814	37
161.724489795	38
165.945918367	39
170.126530612	40
174.363265306	41
178.607142857	42
183.008163265	43
187.678571428	44
