0.266938775	0
1.898231292	1
3.417687074	2
4.997006802	3
6.629659863	4
8.23292517	5
9.81877551	6
11.393900226	7
12.909931972	8
14.500136054	9
16.052244897	10
17.562993197	11
19.133605442	12
20.699863945	13
22.214965986	14
23.77802721	15
25.313945578	16
26.845170068	17
28.420136054	18
30.024489795	19
31.553945578	20
33.114557823	21
34.665578231	22
36.213333333	23
37.801995464	24
39.363265306	25
40.899047619	26
42.47292517	27
44.052244897	28
45.61632653	29
47.145941043	30
48.617142857	31
50.177913832	32
51.75956916	33
53.289931972	34
54.894149659	35
56.441904761	36
57.961360544	37
59.496054421	38
61.050612244	39
62.534965986	40
64.118639455	41
65.653333333	42
67.228299319	43
68.727074829	44
70.237823129	45
71.780136054	46
73.387755102	47
74.921904761	48
76.368979591	49
77.903673469	50
79.469931972	51
81.03292517	52
82.540408163	53
84.066394557	54
85.654421768	55
87.116190476	56
88.649795918	57
90.158367346	58
91.801904761	59
93.28	60
94.854263038	61
96.374421768	62
97.924353741	63
99.41877551	64
100.953469387	65
102.487074829	66
104.00217687	67
105.566258503	68
107.093333333	69
108.678095238	70
110.258662131	71
111.786666666	72
113.369909297	73
114.88217687	74
116.401632653	75
117.909478458	76
119.473922902	77
120.936780045	78
122.513945578	79
124.033877551	80
125.477732426	81
126.995736961	82
128.493424036	83
129.93015873	84
131.481950113	85
132.905941043	86
134.273922902	87
135.777891156	88
137.263310657	89
138.70585034	90
140.161451247	91
141.633015873	92
143.111836734	93
144.545668934	94
146.009977324	95
147.467029478	96
148.926984126	97
150.382585034	98
151.852698412	99
153.308299319	100
154.731972789	101
156.175963718	102
157.648979591	103
159.09877551	104
160.541315192	105
162.011428571	106
163.456870748	107
164.89941043	108
166.362267573	109
167.788843537	110
169.234285714	111
170.656507936	112
172.153900226	113
173.606893424	114
175.069750566	115
176.538412698	116
177.998367346	117
179.472834467	118
180.930022675	119
182.441904761	120
183.841088435	121
185.329931972	122
186.763900226	123
188.201950113	124
189.650430839	125
191.137936507	126
192.509387755	127
194.052063492	128
195.514285714	129
196.993968253	130
198.457913832	131
199.938321995	132
201.430204081	133
202.913378684	134
204.348662131	135
205.850702947	136
207.336780045	137
208.82430839	138
210.233469387	139
211.75292517	140
213.225941043	141
214.662675736	142
216.137142857	143
217.639183673	144
219.113945578	145
220.566349206	146
222.021950113	147
223.492063492	148
224.96201814	149
226.454058956	150
227.866122448	151
229.345918367	152
230.785918367	153
232.206802721	154
233.647891156	155
235.116553287	156
236.569863945	157
238.0030839	158
239.455782312	159
240.918639455	160
242.346666666	161
243.809954648	162
245.226712018	163
246.649909297	164
248.015238095	165
249.449977324	166
250.857687074	167
252.268390022	168
253.618004535	169
255.002947845	170
256.417891156	171
257.889954648	172
259.25079365	173
261.185306122	174
263.578412698	175
