1.08861677922	0
4.25523809522	1
5.95428571422	2
7.62793650722	3
9.31573696122	4
11.0209523802	5
12.7348752832	6
14.4517006802	7
16.1336961442	8
17.8650566892	9
19.5778231292	10
21.2891609972	11
23.0250566892	12
24.7352380952	13
26.4259410422	14
28.1485714282	15
29.8784580492	16
31.6054421762	17
33.3450566892	18
35.0245804982	19
36.7501133782	20
38.4799999992	21
40.2171428562	22
41.9531972782	23
43.6870748292	24
45.4140589562	25
47.1226530612	26
48.9053287972	27
50.6109750562	28
52.3665306122	29
54.0731292512	30
55.7757142852	31
57.5267346932	32
59.2420408162	33
60.9930385482	34
62.7277551012	35
64.4522448972	36
66.1859183672	37
67.9257142852	38
69.6655102032	39
71.3971428562	40
73.1614285712	41
74.9133333332	42
76.6695918362	43
78.4184807252	44
80.1297959182	45
81.8828571422	46
83.6093877542	47
85.3777551012	48
87.0716326522	49
88.8053061222	50
90.5461224482	51
92.2879591832	52
94.0308163262	53
95.7726530612	54
97.5318367342	55
99.2716326522	56
101.000204081	57
102.731836734	58
104.458367346	59
106.201360543	60
107.90632653	61
109.655668934	62
111.398276643	63
113.130408163	64
114.841020407	65
116.593061224	66
118.319591836	67
120.070272108	68
121.80632653	69
123.566281178	70
125.277755101	71
127.058367346	72
128.75632653	73
130.510408163	74
132.254285714	75
134.038299319	76
135.777755101	77
137.535918367	78
139.304285714	79
141.024693877	80
142.787959183	81
144.511428571	82
146.234897958	83
148.0223356	84
