0.444897959	0
3.823469387	1
7.110204081	2
10.448979591	3
13.632653061	4
16.919387755	5
20.222448979	6
23.480612244	7
26.688775510	8
29.998979591	9
33.240816326	10
36.509183673	11
39.725510204	12
42.963265306	13
46.157301587	14
49.386734693	15
52.456122448	16
55.723469387	17
58.876530612	18
62.085306122	19
65.193877551	20
68.445351473	21
71.645918367	22
74.871428571	23
78.107142857	24
81.385714285	25
84.686734693	26
87.923469387	27
91.150000000	28
94.358163265	29
97.617346938	30
100.866326530	31
103.963197278	32
107.246938775	33
110.493469387	34
113.773356009	35
117.005328798	36
120.221428571	37
123.446938775	38
126.674489795	39
129.829297052	40
133.133673469	41
136.373242630	42
139.635714285	43
142.885941043	44
146.134693877	45
149.292857142	46
152.541337868	47
155.685328798	48
158.956122448	49
162.215306122	50
165.469387755	51
168.659183673	52
171.893877551	53
175.132653061	54
178.338775510	55
181.500000000	56
184.858163265	57
188.057845804	58
191.357392290	59
194.637528344	60
197.925306122	61
201.157301587	62
204.398979591	63
207.531632653	64
210.773560090	65
213.977551020	66
217.173469387	67
220.336734693	68
223.517414965	69
226.763265306	70
229.925328798	71
233.137755102	72
