1.04063492063	0
3.24653061163	1
5.39437641663	2
7.63219954563	3
9.75900226663	4
11.9609070286	5
14.1138321986	6
16.2787301586	7
18.4087981856	8
20.5595464846	9
22.7015873006	10
24.8044444436	11
26.9225396816	12
29.0754648516	13
31.1804988656	14
33.3062131516	15
35.4286621306	16
37.5619954646	17
39.6909750566	18
41.8286621306	19
43.9336961446	20
46.0942403626	21
48.1949206346	22
50.3173696136	23
52.4169614506	24
54.5296145116	25
56.6107029476	26
58.6819954646	27
60.7347845796	28
62.7941043076	29
64.8425396816	30
66.9301587296	31
68.9949206346	32
71.1010430836	33
73.1244444436	34
75.3100226756	35
77.4524489786	36
79.6044444436	37
81.6806349206	38
83.8215873006	39
85.9244444436	40
88.0730158726	41
90.1769614506	42
92.3026757366	43
94.4164172326	44
96.5497505666	45
98.6569614506	46
100.822630385	47
102.910566893	48
105.034104308	49
107.13478458	50
109.223492063	51
111.283900227	52
113.34430839	53
115.378594104	54
117.430294784	55
119.488526077	56
121.546757369	57
123.590839002	58
125.613151927	59
127.609342403	60
129.687165533	61
131.71600907	62
133.822131519	63
135.87600907	64
137.987573696	65
140.061043084	66
142.159546485	67
144.222131519	68
146.313854875	69
148.338594104	70
150.449931973	71
152.463764172	72
154.56185941	73
156.587845805	74
158.673854875	75
160.70430839	76
162.769070295	77
164.841451247	78
166.925804989	79
168.968798186	80
171.036825397	81
173.092879818	82
175.141315193	83
177.189750567	84
179.305941043	85
181.314920635	86
183.400362812	87
185.449886621	88
187.572335601	89
189.538049886	90
191.589750567	91
193.615328798	92
195.635464852	93
197.705873016	94
199.769863945	95
201.78585034	96
203.84632653	97
205.841836735	98
207.849886621	99
209.85478458	100
211.96984127	101
214.01260771	102
216.113832199	103
218.109478458	104
220.225918367	105
222.264036281	106
224.542131519	107
226.697891156	108
