0.300181405018	0
2.70344671202	1
5.16040816302	2
7.46328798102	3
9.72312925102	4
12.050929705	5
14.329387755	6
16.628888888	7
18.924036281	8
21.225714285	9
23.517006802	10
25.836848072	11
28.127845804	12
30.425170068	13
32.74861678	14
35.060453514	15
37.347619047	16
39.66526077	17
41.975600907	18
44.306349206	19
46.638503401	20
48.900884353	21
51.281043083	22
53.553696145	23
55.877142857	24
58.123673469	25
60.434058956	26
62.708911564	27
65.037414965	28
67.360861677	29
69.677052154	30
72.022267573	31
74.325396825	32
76.644489795	33
78.951972789	34
81.294285714	35
83.624988662	36
85.949886621	37
88.245124716	38
90.557596371	39
92.860816326	40
95.198684807	41
97.516916099	42
99.787528344	43
102.109523809	44
104.412653061	45
106.692857142	46
109.005306122	47
111.345328798	48
113.664353741	49
115.966031746	50
118.284875283	51
120.572879818	52
122.913151927	53
125.227891156	54
127.558594104	55
129.868979591	56
132.181269841	57
134.499909297	58
136.836984126	59
