1.105102040	1
3.361043083	2
5.620408163	3
7.860204081	4
10.043877551	5
12.163265306	6
14.330612244	7
16.433673469	8
18.594897959	9
20.746938775	10
22.939795918	11
25.112244897	12
27.261224489	13
29.437755102	14
31.563492063	15
33.752993197	16
35.832653061	17
37.951020408	18
40.113265306	19
42.257006802	20
44.329002267	21
46.441065759	22
48.522448979	23
50.670113378	24
52.678571428	25
54.760204081	26
56.820408163	27
58.881632653	28
60.931632653	29
63.003061224	30
65.055102040	31
67.121269841	32
69.234217687	33
71.401043083	34
73.522267573	35
75.635714285	36
77.734693877	37
79.852040816	38
81.945079365	39
84.083673469	40
86.164285714	41
88.292857142	42
90.401020408	43
92.492857142	44
94.596938775	45
96.695918367	46
98.755102040	47
100.836734693	48
102.841836734	49
104.889795918	50
106.932653061	51
108.958163265	52
111.012244897	53
113.097959183	54
115.194897959	55
117.262244897	56
119.308163265	57
121.497959183	58
123.668140589	59
125.758163265	60
127.893877551	61
130.011224489	62
132.115306122	63
134.243877551	64
136.340090702	65
138.462244897	66
140.531927437	67
142.646938775	68
144.746938775	69
146.846938775	70
148.924489795	71
151.016326530	72
153.082653061	73
155.200000000	74
157.276530612	75
159.360204081	76
161.417346938	77
163.457142857	78
165.497959183	79
167.541836734	80
169.604081632	81
171.729591836	82
173.862244897	83
175.980113378	84
178.060204081	85
180.210204081	86
182.332675736	87
184.459909297	88
186.540816326	89
188.677551020	90
190.773469387	91
192.889795918	92
195.004058956	93
197.114285714	94
199.220090702	95
201.314285714	96
203.352040816	97
205.412154195	98
207.388775510	99
209.395918367	100
211.422448979	101
213.424489795	102
215.416326530	103
217.472448979	104
219.488775510	105
221.564126984	106
223.607142857	107
225.628571428	108
227.588775510	109
229.622448979	110
231.676031746	111
233.731927437	112
235.784920634	113
