0.170907028952	0
2.06115646195	1
3.77725623495	2
5.60764172295	3
7.46886621295	4
9.17589569095	5
10.979795918	6
12.722380952	7
14.50015873	8
16.281564625	9
18.067619047	10
19.867619047	11
21.589682539	12
23.387777777	13
25.211564625	14
26.968730158	15
28.759569161	16
30.58755102	17
32.320566893	18
34.122834467	19
35.905147392	20
37.754580498	21
39.536893424	22
41.331609977	23
43.078843537	24
44.893809523	25
46.680657596	26
48.457528344	27
50.231678004	28
52.004013605	29
53.830770975	30
55.598571428	31
57.392675737	32
59.184058956	33
60.961836734	34
62.769546485	35
64.495623582	36
66.379546485	37
68.164557823	38
69.946870748	39
71.691088435	40
73.475215419	41
75.270226757	42
77.07340136	43
78.872040816	44
80.692448979	45
82.456621315	46
84.254353741	47
86.043605442	48
87.78723356	49
89.539614512	50
91.242108843	51
92.999931972	52
94.815804988	53
96.595646258	54
98.385873015	55
100.175442176	56
101.968639455	57
103.758208616	58
105.519659863	59
107.323582766	60
109.057981859	61
110.923582766	62
112.731655328	63
114.507619047	64
116.315578231	65
118.107596371	66
119.824421768	67
121.659591836	68
123.467641723	69
125.275578231	70
127.083628117	71
128.899591836	72
130.707619047	73
132.48356009	74
134.183605442	75
135.995714285	76
137.77	77
139.611609977	78
141.403582766	79
143.210362811	80
145.019591836	81
146.827596371	82
148.589954648	83
150.399478458	84
152.153673469	85
153.971609977	86
155.754580498	87
157.555668934	88
159.355736961	89
161.181337868	90
162.963605442	91
164.771632653	92
166.547641723	93
168.363605442	94
170.163582766	95
171.955623582	96
173.763650793	97
175.56047619	98
177.324648526	99
179.155555555	100
180.943696145	101
182.748684807	102
184.522834467	103
186.347596371	104
188.168594104	105
189.963605442	106
191.709229024	107
193.539614512	108
195.314671201	109
197.132290249	110
198.8992517	111
200.70063492	112
202.499591836	113
204.339614512	114
206.219659863	115
