0.563378683834	0
3.27058956883	1
5.89344671183	2
8.53888888883	3
11.1837868478	4
13.8428344668	5
16.4447392288	6
19.0760317458	7
21.7350793648	8
24.4126303848	9
27.0221541948	10
29.6485487528	11
32.2945351468	12
34.9671882078	13
37.5451473918	14
40.1807936498	15
42.8496371878	16
45.4782086158	17
48.0420181398	18
50.5720861668	19
53.0961677998	20
55.6365759628	21
58.1644671198	22
60.6814512468	23
63.1778004528	24
65.7062358268	25
68.1644671198	26
70.7750793648	27
73.4014739228	28
76.0316780038	29
78.6118140588	30
81.2246031738	31
83.8499092968	32
86.4860997728	33
89.0635147388	34
91.5865079358	35
94.1372562348	36
96.6880045348	37
99.1973922898	38
101.708412698	39
104.203106576	40
106.712494331	41
109.217414966	42
111.819433106	43
114.363106576	44
116.956848072	45
119.503786848	46
122.086643991	47
124.652086167	48
127.250181406	49
129.79276644	50
132.371814059	51
134.926916099	52
137.528276644	53
140.095351474	54
142.688548753	55
145.253990929	56
147.746507936	57
150.229773242	58
152.679297052	59
155.219705215	60
157.738344671	61
160.253718821	62
162.761473923	63
165.264875283	64
167.781882086	65
170.264058957	66
172.786507936	67
175.280657596	68
177.809410431	69
180.271678004	70
182.744603174	71
185.240929705	72
187.753378684	73
190.179160997	74
192.6961678	75
195.209410431	76
197.734535147	77
200.263514739	78
202.773990929	79
205.275215419	80
207.774807256	81
210.296712018	82
212.907324263	83
215.516848072	84
218.113854875	85
220.6961678	86
223.318208616	87
225.888004535	88
228.501882086	89
231.057528344	90
233.668140589	91
236.243922902	92
238.855079365	93
241.435215419	94
244.050725623	95
246.585147392	96
249.164739229	97
251.74585034	98
