1.543877551	1
3.706258503	2
5.654081632	3
7.650612244	4
9.571428571	5
11.546938775	6
13.498321995	7
15.429591836	8
17.378571428	9
19.304081632	10
21.216326530	11
23.122448979	12
24.989795918	13
26.954353741	14
28.918367346	15
30.858163265	16
32.815306122	17
34.754081632	18
36.794308390	19
38.518367346	20
40.297959183	21
42.179591836	22
44.081632653	23
45.976530612	24
47.828571428	25
49.683673469	26
51.540816326	27
53.410498866	28
55.242539682	29
57.063265306	30
58.893877551	31
60.786349206	32
62.600000000	33
64.476530612	34
66.352040816	35
68.219387755	36
70.097959183	37
71.961224489	38
73.843877551	39
75.721428571	40
77.602539682	41
79.504081632	42
81.491337868	43
83.372448979	44
85.276530612	45
87.165306122	46
89.071428571	47
90.863265306	48
92.722380952	49
94.578276643	50
96.387755102	51
98.259206349	52
100.129591836	53
101.997959183	54
103.841836734	55
105.642630385	56
107.423469387	57
109.337755102	58
111.213265306	59
113.074353741	60
114.940816326	61
116.819387755	62
118.664285714	63
120.541836734	64
122.440816326	65
124.332653061	66
126.187755102	67
128.014285714	68
129.875510204	69
131.778344671	70
133.650317460	71
135.522585034	72
137.386734693	73
139.262244897	74
141.137755102	75
143.038775510	76
144.917346938	77
146.803061224	78
148.670408163	79
150.489795918	80
152.442607709	81
