0.407868480726	0
2.25820861673	1
4.11580498773	2
5.96070294773	3
7.82555555473	4
9.67498866173	5
11.5153514737	6
13.3457369607	7
15.1860997727	8
17.0328117907	9
18.8223809517	10
20.6817913827	11
22.4895011337	12
24.3561677997	13
26.2065079357	14
28.0622902487	15
29.8663718817	16
31.7085487527	17
33.5625170067	18
35.3847392287	19
37.1806575957	20
39.0455102037	21
40.9266893417	22
42.7906349197	23
44.6355328797	24
46.4804308387	25
48.3788435367	26
50.2282766437	27
52.1049206347	28
53.9198866207	29
55.8065079357	30
57.6849659857	31
59.5616099767	32
61.4527664397	33
63.3121768707	34
65.2105895687	35
67.0863265297	36
68.9822222217	37
70.8523129247	38
72.7262358267	39
74.5947165527	40
76.4613832197	41
78.3334920627	42
80.2061451237	43
82.0232879817	44
83.8826984117	45
85.7829251697	46
87.6405215417	47
89.5353061217	48
91.4255555547	49
93.3021995457	50
95.1634240357	51
97.0173922897	52
98.8795238087	53
100.797891156	54
102.679070295	55
104.53031746	56
106.425102041	57
108.28723356	58
110.192902494	59
112.07861678	60
113.957981859	61
115.845510204	62
117.742108843	63
119.668639456	64
121.528956916	65
123.395623583	66
125.289501134	67
127.130770975	68
128.996530612	69
130.883151927	70
132.772494331	71
134.608321995	72
136.420566893	73
138.231904762	74
140.059569161	75
141.924421768	76
143.80015873	77
145.629637188	78
