0.057142857	0
2.134693877	1
4.175510204	2
6.223469387	3
8.269387755	4
10.317346938	5
12.357142857	6
14.417346938	7
16.470408163	8
18.525510204	9
20.569387755	10
22.630612244	11
24.682653061	12
26.726530612	13
28.774489795	14
30.813265306	15
32.865306122	16
34.914285714	17
36.980612244	18
39.027551020	19
41.066326530	20
43.123469387	21
45.170408163	22
47.224489795	23
49.266326530	24
51.319387755	25
53.393877551	26
55.427551020	27
57.475510204	28
59.508163265	29
61.580612244	30
63.620408163	31
65.662244897	32
67.733673469	33
69.768367346	34
71.804081632	35
73.860204081	36
75.901020408	37
77.967346938	38
80.033673469	39
82.083673469	40
84.143877551	41
86.168367346	42
88.219387755	43
90.250000000	44
92.292857142	45
94.357142857	46
96.391836734	47
98.447959183	48
100.496938775	49
102.552040816	50
104.588775510	51
106.641836734	52
108.695918367	53
110.740816326	54
112.786734693	55
114.832653061	56
116.880612244	57
118.929591836	58
120.983673469	59
123.036734693	60
125.079591836	61
127.137755102	62
129.173469387	63
131.228571428	64
133.282653061	65
135.313265306	66
137.379591836	67
139.397959183	68
141.447959183	69
143.507142857	70
145.556122448	71
147.592857142	72
149.640816326	73
151.674489795	74
153.729591836	75
155.789795918	76
157.844897959	77
159.883673469	78
161.937755102	79
163.985714285	80
166.035714285	81
168.068367346	82
170.106122448	83
172.138775510	84
174.182653061	85
176.241836734	86
178.265306122	87
180.320408163	88
182.375510204	89
184.418367346	90
186.466326530	91
188.509183673	92
190.546938775	93
192.609183673	94
194.644897959	95
196.685714285	96
198.736734693	97
200.801020408	98
202.827551020	99
204.878571428	100
206.934693877	101
208.961224489	102
211.029591836	103
213.074489795	104
215.116326530	105
217.164285714	106
219.210204081	107
221.257142857	108
223.306122448	109
225.353061224	110
227.380612244	111
229.423469387	112
231.488775510	113
233.533673469	114
235.563265306	115
237.607142857	116
239.656122448	117
241.708163265	118
243.739795918	119
245.798979591	120
247.850000000	121
249.888775510	122
251.921428571	123
253.958163265	124
256.031632653	125
258.085714285	126
260.122448979	127
262.172448979	128
264.203061224	129
266.242857142	130
268.290816326	131
270.337755102	132
272.393877551	133
274.417346938	134
276.476530612	135
278.515306122	136
280.572448979	137
282.618367346	138
284.660204081	139
286.712244897	140
288.742857142	141
290.800000000	142
