1.03022675737	0
3.75857142837	1
6.61825396737	2
9.38360544137	3
12.2324036274	4
15.0666893424	5
17.8661451244	6
20.6786621314	7
23.5176190474	8
26.3036961444	9
29.1205668934	10
31.9287301584	11
34.7521315184	12
37.5341723354	13
40.3510430834	14
43.1787981854	15
46.0021995464	16
48.8103628114	17
51.6134467114	18
54.4216099764	19
57.2283219954	20
60.0376643984	21
62.8417460314	22
65.6506349204	23
68.4551700674	24
71.2691383214	25
74.0743990924	26
76.8818367344	27
79.6907256234	28
82.5017913824	29
85.3048752834	30
88.1173922894	31
90.9299092964	32
93.7300907024	33
96.5389795914	34
99.3384353734	35
102.148049886	36
104.96201814	37
107.770181405	38
110.571088435	39
113.379977323	40
116.196122448	41
118.99557823	42
121.802290249	43
124.615532879	44
127.42079365	45
130.229682539	46
133.032766439	47
135.841655328	48
138.64909297	49
141.460158729	50
144.266145124	51
147.072857142	52
149.878117913	53
152.683378684	54
155.490816326	55
158.298979591	56
161.110045351	57
163.913854874	58
166.719841269	59
169.527278911	60
172.342698412	61
175.148684806	62
177.956122448	63
180.762834466	64
183.572448979	65
186.371904761	66
189.183696144	67
191.987505668	68
194.801473922	69
197.605283446	70
200.40909297	71
203.2223356	72
206.030498865	73
208.835034013	74
211.642471654	75
214.465147391	76
217.257346938	77
220.069138321	78
222.869591836	79
225.670226757	80
228.489999999	81
231.292358276	82
234.097619047	83
236.901428571	84
239.715396825	85
242.519931972	86
245.32664399	87
248.12972789	88
250.947324262	89
253.749682539	90
256.554217686	91
259.365283446	92
262.172721088	93
264.986689342	94
267.786145124	95
270.592857142	96
273.402471654	97
276.21063492	98
279.013990929	99
281.826235827	100
284.632947845	101
287.437482992	102
290.25217687	103
293.056712017	104
295.86632653	105
298.66941043	106
301.483378684	107
304.282834466	108
307.094625849	109
309.899160997	110
312.704421768	111
315.508956915	112
318.326553287	113
321.130362811	114
323.937800453	115
326.7423356	116
329.55340136	117
332.360839001	118
335.171179137	119
337.967732425	120
340.782426303	121
343.589863945	122
346.39802721	123
349.20909297	124
352.01217687	125
354.826145124	126
