5.01696145031	0
7.04435374131	1
9.07319727831	2
11.1013151923	3
13.1221768703	4
15.1459410423	5
17.1798639453	6
19.2065306113	7
21.2208616773	8
23.2499092963	9
25.2763718813	10
27.3073922893	11
29.3391383213	12
31.3694331063	13
33.3965532873	14
35.4247165523	15
37.4504308383	16
39.4781859403	17
41.5043083893	18
43.5304308383	19
45.5581859403	20
47.5875736953	21
49.6145124713	22
51.6418594103	23
53.6679818593	24
55.6924716553	25
57.7230838993	26
59.7492063483	27
61.7757369613	28
63.8026757363	29
65.8308390013	30
67.8565532873	31
69.8822675733	32
71.9079818593	33
73.9361451243	34
75.9630838993	35
77.9834920633	36
80.0145124713	37
82.0426303853	38
84.0685714283	39
86.0952380943	40
88.1219047613	41
90.1471201813	42
92.1737868473	43
94.2040816323	44
96.2278458043	45
98.2559637183	46
100.284081632	47
102.310022675	48
104.337414965	49
106.360453514	50
108.390022675	51
110.413061224	52
112.441179138	53
114.472925169	54
116.498866212	55
118.526258503	56
120.552199546	57
122.581768707	58
124.606258503	59
126.635827664	60
128.66249433	61
130.68770975	62
132.710022675	63
134.737414965	64
136.766258503	65
138.792199546	66
140.82031746	67
142.84770975	68
144.878004534	69
146.897414965	70
148.919002267	71
150.957278911	72
152.985396825	73
155.009886621	74
157.038730158	75
159.066122448	76
161.091337868	77
163.11510204	78
165.14249433	79
167.166258503	80
169.199455782	81
171.221768707	82
173.249886621	83
175.281632652	84
177.30249433	85
179.334240362	86
181.358730158	87
183.389750566	88
185.412063491	89
187.438004534	90
189.463945577	91
191.499319727	92
193.520181405	93
195.551201813	94
197.578594104	95
199.60526077	96
201.633378684	97
203.660045351	98
205.686712017	99
207.714104308	100
209.73786848	101
211.760907029	102
213.781768707	103
215.812789115	104
217.840181405	105
219.865396825	106
221.892789115	107
223.918730158	108
225.962811791	109
227.982947845	110
230.011791382	111
232.037732425	112
234.065124716	113
236.091791382	114
238.12063492	115
240.147301586	116
242.202267573	117
244.228208616	118
246.251972788	119
248.280816326	120
250.306031745	121
252.334149659	122
254.360816326	123
256.383854874	124
258.402539682	125
260.42557823	126
262.452244897	127
264.479637187	128
266.506303854	129
268.532970521	130
270.561088435	131
272.587755101	132
274.615873015	133
276.641814058	134
278.669931972	135
280.700226757	136
282.722539682	137
284.75356009	138
286.778775509	139
288.805442176	140
290.832834466	141
292.864580498	142
294.892698412	143
296.917188208	144
298.947482992	145
300.974149659	146
302.995736961	147
305.02893424	148
307.053424035	149
309.070657596	150
311.10095238	151
313.125442176	152
315.166621314	153
316.138956915	154
318.200453514	155
320.238004534	156
322.26031746	157
324.288299319	158
326.316553287	159
328.344603174	160
330.361179138	161
332.404535147	162
334.428299319	163
336.454240362	164
338.480181405	165
340.505396825	166
342.534240362	167
344.558004534	168
346.585396825	169
348.613514738	170
350.640907029	171
352.666848072	172
354.693514738	173
356.724535147	174
358.746122448	175
360.77786848	176
362.802358276	177
364.829024943	178
366.876734693	179
368.899047618	180
370.932970521	181
372.962539682	182
374.984126983	183
377.015873015	184
379.037460317	185
381.069206348	186
383.06249433	187
385.073197278	188
387.112925169	189
389.135963718	190
391.166984126	191
393.19510204	192
395.223219954	193
397.242630385	194
399.267845804	195
401.444580498	196
