0.207981859043	0
1.62485260704	1
3.00897959104	2
4.36199546404	3
5.74675736904	4
7.11628117904	5
8.48136054404	6
9.84199546404	7
11.210249433	8
12.578503401	9
13.927074829	10
15.28770975	11
16.654058956	12
18.006439909	13
19.370249433	14
20.724535147	15
22.050249433	16
23.42802721	17
24.755011337	18
26.16770975	19
27.509931972	20
28.89786848	21
30.23755102	22
31.638820861	23
32.974693877	24
34.310566893	25
35.670566893	26
37.001360544	27
38.334693877	28
39.678820861	29
41.020408163	30
42.356281179	31
43.742947845	32
45.078185941	33
46.424852607	34
47.770249433	35
49.121360544	36
50.480090702	37
51.848979591	38
53.189931972	39
54.519455782	40
55.895963718	41
57.247074829	42
58.579138321	43
59.934693877	44
61.285170067	45
62.635646258	46
63.984852607	47
65.371519274	48
66.712471655	49
68.064217687	50
69.41723356	51
70.735328798	52
72.062947845	53
73.411904761	54
74.783582766	55
76.154376417	56
77.535963718	57
78.873106575	58
80.251519274	59
81.610884353	60
82.949297052	61
84.287074829	62
85.680725623	63
87.01786848	64
88.375963718	65
89.729614512	66
91.081995464	67
92.451519274	68
93.808344671	69
95.163900226	70
96.50739229	71
97.878185941	72
99.254693877	73
100.622947845	74
101.98739229	75
103.356281179	76
104.695963718	77
106.071201814	78
107.425487528	79
108.800090702	80
110.12770975	81
111.488344671	82
112.836916099	83
114.221043083	84
115.555646258	85
116.932789115	86
118.269297052	87
119.580408163	88
120.96770975	89
122.295963718	90
123.702312925	91
125.018503401	92
126.421678004	93
127.769614512	94
129.130249433	95
130.54770975	96
