0.607210884231	0
3.47721088423	1
6.20210884323	2
8.90687074823	3
11.5283673462	4
14.2282312922	5
16.7958503392	6
19.5169387752	7
22.1041496592	8
24.8693197272	9
27.4772108842	10
30.2641496592	11
32.8780272102	12
35.6214285712	13
38.2995238092	14
41.0407482992	15
43.6617006802	16
45.0559863942	17
47.8211564622	18
50.5493197272	19
53.3150340132	20
56.0480952372	21
58.7027891152	22
61.4532653052	23
64.1411564622	24
66.9003401352	25
69.5615646252	26
72.2326077092	27
74.9215646252	28
77.6094557822	29
80.1836054412	30
82.8405215412	31
85.5174829922	32
88.2821088432	33
90.9754421762	34
93.7444217682	35
96.4279591832	36
97.8233333332	37
100.566190475	38
103.312312924	39
106.029591836	40
108.765918367	41
111.504421768	42
114.302789115	43
117.008639455	44
119.811904761	45
122.560204081	46
125.328639455	47
128.064580498	48
130.77680272	49
133.442925169	50
136.152585033	51
138.76755102	52
141.493537414	53
144.23265306	54
146.978707482	55
149.714489795	56
151.067959183	57
153.923469387	58
156.693537414	59
159.710136054	60
162.437029478	61
