0.000000000	0
0.865215419	1
2.321473922	2
3.055510204	3
4.462811791	4
5.214240362	5
6.639183673	6
8.070929705	7
9.513560090	8
10.909478458	9
12.315374149	10
13.724444444	11
15.114920634	12
16.509931972	13
17.916281179	14
19.317188208	15
20.746666666	16
22.152562358	17
23.582947845	18
25.002902494	19
26.410158730	20
27.831927437	21
29.280907029	22
30.674557823	23
32.104036281	24
33.512653061	25
34.925804988	26
36.327619047	27
37.734875283	28
39.134875283	29
40.543492063	30
41.929433106	31
43.276825396	32
44.648707482	33
45.999727891	34
47.373877551	35
48.724897959	36
50.084988662	37
51.483174603	38
52.846439909	39
54.223310657	40
55.581133786	41
56.972517006	42
58.369795918	43
59.818775510	44
61.252335600	45
62.694512471	46
64.148027210	47
65.598820861	48
67.021950113	49
68.516281179	50
69.936689342	51
71.353582766	52
72.769546485	53
74.194739229	54
75.587482993	55
76.971609977	56
78.395192743	57
79.793832199	58
81.182947845	59
82.553922902	60
83.923537414	61
85.269115646	62
86.619682539	63
87.976598639	64
89.345759637	65
90.714013605	66
92.114920634	67
93.482267573	68
94.848707482	69
96.249614512	70
97.652789115	71
99.077278911	72
100.517188208	73
101.980680272	74
103.408344671	75
104.843718820	76
106.243265306	77
107.650521541	78
109.056870748	79
110.468208616	80
111.866394557	81
113.270022675	82
114.657777777	83
116.057324263	84
117.465034013	85
118.865034013	86
120.260952380	87
121.664126984	88
123.067755102	89
124.483628117	90
125.904943310	91
127.317641723	92
128.737596371	93
130.146666666	94
131.680453514	95
