2.4022902491	0
5.0228798181	1
7.6095464851	2
10.1708163261	3
12.8247845801	4
15.4533560081	5
18.0654195011	6
20.6546258501	7
23.2616099771	8
25.8685941041	9
28.4997052151	10
31.0863718811	11
33.7111337861	12
36.3027437641	13
38.8590702941	14
41.4889115641	15
44.0768480721	16
46.6838321991	17
49.2743083891	18
51.8660544211	19
54.4872562351	20
57.1006802721	21
59.7885941041	22
62.4006575961	23
65.0800226751	24
67.7276417231	25
70.3752607701	26
72.9733560081	27
75.6222448971	28
78.2165306121	29
80.8734013601	30
83.4978004531	31
86.1504988661	32
88.7752607701	33
91.3784353741	34
93.9651020401	35
96.5657369611	36
99.2082766431	37
101.841927437	38
104.483197278	39
107.17526077	40
109.819070294	41
112.461609977	42
115.080544217	43
117.765328798	44
120.422244897	45
123.085396825	46
125.777165532	47
128.436213151	48
131.072403628	49
133.732721088	50
136.381315192	51
139.093990929	52
