1.059047619	0
3.419682539	1
5.662222222	2
7.925714285	3
10.192380952	4
12.434920634	5
14.692063492	6
16.976507936	7
19.222222222	8
21.496507936	9
23.758095238	10
26.029841269	11
28.313650793	12
30.568253968	13
32.832380952	14
35.104761904	15
37.347074829	16
39.579682539	17
41.860952380	18
44.128888888	19
46.394285714	20
48.657664399	21
50.908571428	22
53.158095238	23
55.462222222	24
57.730158730	25
60.027301587	26
62.307301587	27
64.586666666	28
66.855238095	29
69.123174603	30
71.387301587	31
73.667936507	32
75.911746031	33
78.183492063	34
80.453333333	35
82.697777777	36
84.965079365	37
87.236825396	38
89.483174603	39
91.730158730	40
93.981587301	41
96.251428571	42
98.511111111	43
100.798095238	44
103.113673469	45
105.383492063	46
107.667936507	47
109.976507936	48
112.276190476	49
114.513650793	50
116.824126984	51
119.128888888	52
121.405714285	53
123.690793650	54
126.020317460	55
128.313786848	56
130.631746031	57
132.928253968	58
135.229206349	59
137.523809523	60
139.827936507	61
142.130793650	62
144.454603174	63
146.725079365	64
149.047959183	65
151.311224489	66
153.584693877	67
155.874489795	68
158.183673469	69
160.490385487	70
162.778253968	71
