0.201020408	0
3.904081632	1
7.374489795	2
11.155102040	3
14.786734693	4
18.279591836	5
21.534693877	6
25.214285714	7
28.666326530	8
31.970408163	9
35.260204081	10
38.580612244	11
42.031632653	12
45.343877551	13
48.787755102	14
52.234693877	15
55.623469387	16
59.001020408	17
62.398979591	18
65.801020408	19
69.140816326	20
72.509183673	21
75.924875283	22
79.322448979	23
82.721428571	24
86.153061224	25
89.554081632	26
92.942857142	27
96.242857142	28
99.620408163	29
103.096938775	30
106.386734693	31
108.108163265	32
111.558163265	33
114.957142857	34
118.379591836	35
121.786734693	36
125.165306122	37
128.538775510	38
131.924489795	39
135.326530612	40
138.721428571	41
142.126530612	42
145.556122448	43
148.950000000	44
152.346938775	45
155.679591836	46
159.145918367	47
162.513265306	48
165.918888888	49
169.286893424	50
172.700000000	51
176.110861678	52
179.469387755	53
182.801020408	54
184.501020408	55
186.192857142	56
187.838072562	57
189.478253968	58
191.086122448	59
192.663265306	60
194.243877551	61
195.854149659	62
197.404081632	63
198.979591836	64
200.531632653	65
201.250000000	66
202.873469387	67
204.476530612	68
206.093877551	69
207.687755102	70
209.275510204	71
210.879591836	72
212.522448979	73
214.088775510	74
215.716326530	75
217.305102040	76
218.902040816	77
220.514081632	78
222.097959183	79
223.685714285	80
225.290997732	81
226.881995464	82
228.441972789	83
230.022448979	84
231.559183673	85
233.156643990	86
234.793877551	87
236.327551020	88
237.916780045	89
239.539795918	90
241.141836734	91
242.836780045	92
244.545918367	93
246.250000000	94
247.978208616	95
249.739795918	96
251.484693877	97
253.219387755	98
254.956122448	99
256.697959183	100
258.438775510	101
260.176530612	102
261.071428571	103
262.828571428	104
264.548979591	105
266.278571428	106
268.003061224	107
269.762244897	108
271.514285714	109
273.257142857	110
275.006281179	111
276.715306122	112
278.466326530	113
280.226530612	114
281.947959183	115
283.691836734	116
285.448979591	117
287.228344671	118
289.053968253	119
290.818367346	120
293.112244897	121
295.260204081	122
298.638775510	123
301.923469387	124
305.293922902	125
308.621428571	126
312.074489795	127
315.520408163	128
319.001020408	129
323.140816326	130
326.716326530	131
329.890816326	132
332.890816326	133
335.713265306	134
339.030612244	135
343.220408163	136
347.747959183	137
352.205918367	138
