0.950340135098	0
2.7252154191	1
4.4551020401	2
6.1516099771	3
7.8161904761	4
9.5547845801	5
11.2382312921	6
12.9565079361	7
14.5891609971	8
16.2726077091	9
17.9183219951	10
19.5669387751	11
21.1937868471	12
22.8068480721	13
24.4082993191	14
26.0199092961	15
27.6315192741	16
29.3027210881	17
30.9788208611	18
32.6361451241	19
34.2941950111	20
35.9275736961	21
37.5631292511	22
39.2356916091	23
40.8799546481	24
42.5387301581	25
44.1793650791	26
45.8112925161	27
47.4555555551	28
49.0853061221	29
50.6374149651	30
52.2969160991	31
53.9346485251	32
55.5665759631	33
57.1919727891	34
58.8209977321	35
60.4456689341	36
62.0725170061	37
63.6834013601	38
65.2812244891	39
66.8841269841	40
68.4754195011	41
70.0391383211	42
71.6231746031	43
73.2289795911	44
74.8067573691	45
76.3977777771	46
78.0626984121	47
79.7240362811	48
81.3944217681	49
83.0350566891	50
84.6590022671	51
86.2996371881	52
87.9772789111	53
89.6360544211	54
91.3093424031	55
92.9673922901	56
94.5993197271	57
96.2718820861	58
97.9081632651	59
99.4798639451	60
101.16185941	61
102.786530612	62
104.430068027	63
106.04893424	64
107.691020408	65
109.309886621	66
110.912789115	67
112.518594104	68
114.17664399	69
115.802040816	70
117.415827664	71
118.996961451	72
120.604217686	73
122.220181405	74
123.829614512	75
125.410022675	76
127.054285714	77
128.715963718	78
130.299274376	79
131.92031746	80
133.618276643	81
135.328163265	82
136.998956916	83
138.633061224	84
140.316507936	85
142.017369614	86
143.695736961	87
145.337097505	88
146.995147392	89
148.645941042	90
150.335192743	91
151.993968253	92
153.665079364	93
155.310068027	94
156.961587301	95
158.56739229	96
160.217460317	97
161.817460317	98
163.405124716	99
164.971020408	100
166.503537414	101
168.141995464	102
169.734739228	103
171.408752834	104
172.979002267	105
174.534013605	106
176.078140589	107
177.572925169	108
179.032154194	109
180.596598639	110
182.124036281	111
183.688480725	112
185.242040816	113
186.898639455	114
188.534920634	115
190.196598639	116
191.83941043	117
193.483673469	118
195.124308389	119
196.77510204	120
198.360589569	121
200.04185941	122
201.750702947	123
203.410929705	124
205.076961451	125
206.732108843	126
208.378548752	127
210.047346938	128
211.712789115	129
213.385351473	130
215.03324263	131
216.709433106	132
218.351519274	133
220.008117913	134
221.657460317	135
223.271972789	136
224.89446712	137
226.518412698	138
228.111882086	139
229.751247165	140
231.33510204	141
232.945986394	142
234.528571428	143
236.174285714	144
237.796780045	145
239.406213151	146
241.019274376	147
242.657732426	148
244.279501133	149
245.865714285	150
247.5092517	151
249.141904761	152
250.680226757	153
252.289659863	154
253.885306122	155
255.507800453	156
257.107074829	157
258.702721088	158
260.558866213	159
262.438911564	160
