1.493877551	0
3.157142857	1
4.838775510	2
6.528571428	3
8.173469387	4
9.862585034	5
11.513265306	6
13.198979591	7
14.815306122	8
16.462063492	9
18.108163265	10
19.766009070	11
21.398004535	12
23.011224489	13
24.694104308	14
26.333854875	15
27.926734693	16
29.569387755	17
31.232653061	18
32.903038548	19
34.569387755	20
36.245850340	21
37.901859410	22
39.579705215	23
41.221428571	24
42.880612244	25
44.508163265	26
46.156122448	27
47.787755102	28
49.420408163	29
51.063265306	30
52.701020408	31
54.311224489	32
55.983151927	33
57.631632653	34
59.306122448	35
60.954081632	36
62.637755102	37
64.302040816	38
65.964285714	39
67.624489795	40
69.274489795	41
70.916326530	42
72.558163265	43
74.192857142	44
75.831632653	45
77.482653061	46
79.174058956	47
80.814285714	48
82.589795918	49
84.395918367	50
86.125986394	51
87.861224489	52
89.470408163	53
91.091836734	54
92.697959183	55
94.335714285	56
95.989795918	57
97.661224489	58
99.291836734	59
100.926530612	60
102.592857142	61
104.178571428	62
105.847959183	63
107.432653061	64
109.055102040	65
110.681632653	66
112.306122448	67
113.929591836	68
115.556122448	69
117.162244897	70
118.813265306	71
120.439795918	72
122.085714285	73
123.723469387	74
125.342857142	75
126.965306122	76
128.593877551	77
130.245918367	78
131.973877551	79
133.547959183	80
135.173469387	81
136.816326530	82
138.428571428	83
140.062244897	84
141.686734693	85
143.310000000	86
144.937755102	87
146.558163265	88
148.189863945	89
149.837959183	90
151.500000000	91
153.136734693	92
154.777551020	93
156.377551020	94
158.063083900	95
159.696938775	96
161.354081632	97
162.952040816	98
164.654081632	99
166.280612244	100
167.990816326	101
169.640816326	102
171.366009070	103
173.132653061	104
174.831632653	105
176.558163265	106
178.214285714	107
179.877823129	108
181.512244897	109
183.122448979	110
184.796938775	111
186.390816326	112
188.062063492	113
189.634693877	114
191.365873015	115
192.882653061	116
194.530612244	117
196.171428571	118
197.800000000	119
199.417346938	120
201.047959183	121
202.676780045	122
204.299931972	123
205.916190476	124
