0.535714285	0
3.306122448	1
5.830612244	2
8.345918367	3
10.872448979	4
13.335714285	5
15.852040816	6
18.372448979	7
20.883673469	8
23.365306122	9
25.885714285	10
28.369387755	11
30.805102040	12
33.216326530	13
35.750226757	14
38.201020408	15
40.693650793	16
43.173469387	17
45.666326530	18
48.147959183	19
50.555102040	20
52.987755102	21
55.474489795	22
57.945918367	23
60.402040816	24
62.809183673	25
65.236734693	26
67.661496598	27
70.108163265	28
72.517346938	29
74.949682539	30
77.464285714	31
79.957437641	32
82.473469387	33
84.931632653	34
87.423718820	35
89.848979591	36
92.325510204	37
94.742857142	38
97.271428571	39
99.762244897	40
102.167346938	41
104.615306122	42
107.082653061	43
109.485714285	44
111.925487528	45
114.379591836	46
116.896938775	47
119.370408163	48
121.814285714	49
124.221428571	50
126.723469387	51
129.173537414	52
131.641836734	53
134.063265306	54
136.510204081	55
138.882653061	56
141.295419501	57
143.626530612	58
146.070702947	59
148.505102040	60
151.007142857	61
153.470408163	62
155.949433106	63
158.419387755	64
160.825510204	65
163.261723356	66
165.749546485	67
168.229795918	68
170.708163265	69
173.121428571	70
175.629433106	71
178.131632653	72
180.585714285	73
183.084693877	74
185.575510204	75
188.084693877	76
190.590521541	77
193.060204081	78
195.502040816	79
198.005873015	80
200.459183673	81
202.917346938	82
205.321292517	83
207.760204081	84
210.166961451	85
212.562244897	86
214.979591836	87
217.461496598	88
219.925510204	89
222.430226757	90
224.897959183	91
227.293877551	92
229.784693877	93
232.230612244	94
234.633673469	95
237.088775510	96
239.549455782	97
241.934353741	98
244.342176870	99
246.789410430	100
249.254535147	101
251.653492063	102
254.165487528	103
256.664058956	104
259.189795918	105
261.725442176	106
264.221564625	107
266.738775510	108
269.565306122	109
272.100952380	110
