0.805442176707	0
3.54829931971	1
6.33448979571	2
9.25850340071	3
12.2115646257	4
15.0309523807	5
17.8692063487	6
20.7973242627	7
23.8535147387	8
26.7531065757	9
29.7252380947	10
32.5584580497	11
35.5380952377	12
38.4799319727	13
41.4258503397	14
44.3462585027	15
47.2612471647	16
50.2309523807	17
53.1095238087	18
55.9894104307	19
58.8934693877	20
61.8132653057	21
64.7238095237	22
67.5814285707	23
70.5085034007	24
73.3652154187	25
76.2350340127	26
79.0932426297	27
81.9472108837	28
84.8693197277	29
87.7523809517	30
90.5809523807	31
93.4667120177	32
96.4105668927	33
99.3314058947	34
102.310544217	35
105.398004535	36
108.38845805	37
111.368707483	38
114.28632653	39
117.214126984	40
120.15	41
123.054126984	42
125.950272109	43
128.915646258	44
131.878072562	45
134.795668934	46
137.77893424	47
140.628911564	48
143.563605442	49
146.50723356	50
149.386054422	51
152.32984127	52
155.247278911	53
158.135034013	54
161.027891156	55
163.974829932	56
166.906825397	57
169.827097505	58
172.713673469	59
175.515260771	60
178.370884354	61
181.230952381	62
184.167687075	63
187.058911564	64
189.868707483	65
192.75340136	66
195.711564626	67
198.611065759	68
201.67585034	69
204.602902494	70
207.531292517	71
210.394897959	72
213.307006803	73
216.244217687	74
219.111564626	75
222.019070295	76
224.852380952	77
227.724829932	78
230.570997732	79
233.338843537	80
236.188095238	81
239.07569161	82
241.970975056	83
244.817687075	84
247.739047619	85
250.63494331	86
253.507006803	87
256.386961451	88
259.250907029	89
262.1192517	90
265.043287982	91
267.787097505	92
270.64292517	93
273.452380952	94
276.31494331	95
279.808503401	96
283.628095238	97
