6.13029478374	0
8.31442176774	1
10.4941950107	2
12.6710657587	3
14.8348752827	4
17.0581859407	5
19.1871655327	6
21.4082993187	7
23.5441723347	8
25.7603628117	9
27.9441269837	10
30.1120408157	11
32.2807936507	12
34.4721541947	13
36.6081632647	14
38.8152834457	15
40.9764852607	16
43.1840589567	17
45.3361224487	18
47.5041269837	19
49.6764172327	20
51.8910204077	21
54.0643990927	22
56.2389569157	23
58.4084580497	24
60.5921315187	25
62.7682539677	26
64.9373922897	27
67.1044444437	28
69.2961451237	29
71.4563945577	30
73.6510204077	31
75.8264399087	32
78.0004081627	33
80.1642176867	34
82.3926757367	35
84.5237641717	36
86.7340136047	37
88.8934693877	38
91.0761451237	39
93.2480725617	40
95.4489115637	41
97.5965986387	42
99.7842403627	43
101.966303855	44
104.14462585	45
106.304126984	46
108.504058957	47
110.681043084	48
112.855011338	49
115.018820861	50
117.208594104	51
119.385351474	52
121.552335601	53
123.730657596	54
125.912108843	55
128.096371882	56
130.274331066	57
132.472131519	58
134.679433106	59
136.78462585	60
139.033718821	61
141.1761678	62
143.376507936	63
145.516780045	64
147.712063492	65
149.87632653	66
152.04276644	67
154.240362812	68
156.440362812	69
158.593356009	70
160.768888889	71
162.940453515	72
165.11877551	73
167.296054422	74
169.466712018	75
171.647936508	76
173.832063492	77
176.000226757	78
178.178548753	79
180.322040816	80
182.532290249	81
184.73632653	82
186.890385487	83
189.061451247	84
191.254285714	85
193.442562358	86
195.599319728	87
197.800861678	88
199.955963719	89
202.138639456	90
204.31260771	91
206.495283446	92
208.688367347	93
210.847573696	94
213.041247165	95
215.208571428	96
217.365124716	97
219.553605442	98
221.73047619	99
223.936122449	100
