1.046553287	0
2.678571428	1
4.291836734	2
5.906122448	3
7.525510204	4
9.137755102	5
10.774489795	6
12.393877551	7
14.023469387	8
15.667346938	9
17.292857142	10
18.904081632	11
20.513265306	12
22.122448979	13
23.717346938	14
25.318299319	15
26.921428571	16
28.526281179	17
30.138775510	18
31.751201814	19
33.350544217	20
34.982426303	21
36.574263038	22
38.168367346	23
39.774263038	24
41.372448979	25
42.976530612	26
44.593877551	27
46.196938775	28
47.806258503	29
49.415555555	30
51.004081632	31
52.622448979	32
54.228571428	33
55.823922902	34
57.425510204	35
59.021428571	36
60.632653061	37
62.222448979	38
63.824489795	39
65.407142857	40
67.022335600	41
68.574353741	42
70.177551020	43
71.745918367	44
73.346938775	45
74.945918367	46
76.519387755	47
78.148979591	48
79.759183673	49
81.364285714	50
82.963265306	51
84.561224489	52
86.163265306	53
87.759183673	54
89.366326530	55
90.998979591	56
92.577551020	57
94.146938775	58
95.761224489	59
97.308163265	60
98.888775510	61
100.472448979	62
102.055102040	63
103.638775510	64
105.219387755	65
106.814285714	66
108.390816326	67
109.970408163	68
111.579591836	69
113.091836734	70
114.637755102	71
116.209183673	72
117.746938775	73
119.311224489	74
120.895918367	75
122.427551020	76
123.981632653	77
125.501020408	78
127.054081632	79
128.619387755	80
130.168367346	81
131.719387755	82
133.279591836	83
134.835714285	84
136.398594104	85
137.920408163	86
139.482653061	87
141.004081632	88
142.561224489	89
144.096938775	90
145.666326530	91
147.221428571	92
148.797959183	93
150.345918367	94
151.913265306	95
153.463265306	96
155.000000000	97
156.561224489	98
158.118367346	99
159.678571428	100
161.260204081	101
162.814263038	102
164.359183673	103
165.924489795	104
167.493877551	105
169.029591836	106
170.582267573	107
172.147959183	108
173.718344671	109
175.246235827	110
176.784013605	111
178.328775510	112
