0.497959183	0
2.639795918	1
4.798979591	2
6.963424036	3
9.114285714	4
11.323877551	5
13.491269841	6
15.727256235	7
17.904081632	8
20.147437641	9
22.896938775	10
25.011383219	11
27.078571428	12
29.108321995	13
31.139183673	14
33.206009070	15
35.216326530	16
37.229591836	17
39.313514739	18
41.342154195	19
43.379750566	20
45.430136054	21
47.445918367	22
49.510158730	23
51.533990929	24
53.558117913	25
55.581950113	26
57.663265306	27
59.707142857	28
61.790068027	29
63.854172335	30
65.925963718	31
67.957936507	32
70.045941043	33
72.101020408	34
74.165941043	35
76.238117913	36
78.335419501	37
80.406145124	38
82.477891156	39
84.566349206	40
86.654081632	41
88.685963718	42
90.774263038	43
92.809183673	44
94.902267573	45
96.941950113	46
99.021950113	47
101.070158730	48
103.141927437	49
105.215283446	50
107.269931972	51
109.352040816	52
111.444897959	53
113.534058956	54
115.654058956	55
117.733990929	56
119.832653061	57
121.918208616	58
124.005963718	59
126.094013605	60
128.221972789	61
130.312244897	62
132.406054421	63
134.461950113	64
136.550476190	65
138.524489795	66
140.589977324	67
142.654172335	68
144.702176870	69
146.730385487	70
148.814195011	71
150.862040816	72
152.941950113	73
154.950090702	74
