0.263990929	0
2.883038548	1
5.498911564	2
8.125306122	3
10.747346938	4
13.365396825	5
15.992154195	6
18.604036281	7
21.232607709	8
23.863718820	9
26.478140589	10
29.111428571	11
31.730204081	12
34.353333333	13
36.965215419	14
39.593061224	15
42.200226757	16
44.837142857	17
47.462086167	18
50.081950113	19
52.708707482	20
55.319863945	21
57.956417233	22
60.572653061	23
63.196757369	24
65.819047619	25
68.444331065	26
71.067619047	27
73.682426303	28
76.308458049	29
78.934739229	30
81.557278911	31
84.173832199	32
86.792131519	33
89.419410430	34
92.038458049	35
94.661746031	36
97.292267573	37
99.906825396	38
102.533605442	39
105.150907029	40
107.779433106	41
110.380022675	42
113.024013605	43
115.638820861	44
118.272585034	45
120.893877551	46
123.514421768	47
126.135283446	48
128.760000000	49
131.383038548	50
134.003083900	51
136.624126984	52
139.238684807	53
141.859727891	54
144.480770975	55
147.103310657	56
149.716870748	57
152.346394557	58
154.970929705	59
157.590975056	60
160.213015873	61
162.839546485	62
165.456598639	63
168.079138321	64
170.701678004	65
173.323718820	66
175.954240362	67
178.573287981	68
181.191836734	69
183.809886621	70
186.440907029	71
189.053469387	72
191.685986394	73
194.304036281	74
196.930068027	75
199.544126984	76
202.175147392	77
204.779229024	78
207.410748299	79
210.028299319	80
212.664807256	81
215.290340136	82
217.910884353	83
220.536417233	84
223.159455782	85
225.777505668	86
228.404535147	87
231.023582766	88
233.639637188	89
236.262675736	90
238.877732426	91
241.503265306	92
244.133287981	93
246.752335600	94
249.372380952	95
251.992925170	96
254.613968253	97
257.236009070	98
259.866530612	99
262.468117913	100
265.101632653	101
267.724172335	102
270.347709750	103
272.963764172	104
275.575827664	105
