0.392857142	0
2.568367346	1
4.726530612	2
6.897097505	3
9.133673469	4
11.288775510	5
13.451020408	6
15.593877551	7
17.730612244	8
19.880612244	9
22.025238095	10
24.167346938	11
26.301020408	12
28.452040816	13
30.603061224	14
32.778571428	15
34.881632653	16
37.022448979	17
39.161133786	18
41.282925170	19
43.400000000	20
45.561224489	21
47.711224489	22
49.835714285	23
51.944988662	24
54.111224489	25
56.265306122	26
58.387755102	27
60.525510204	28
62.692857142	29
64.848979591	30
66.966326530	31
69.096938775	32
71.217346938	33
73.369274376	34
75.484693877	35
77.586734693	36
79.729591836	37
81.886734693	38
84.009092970	39
86.129591836	40
88.248956916	41
90.357142857	42
92.468367346	43
94.521428571	44
96.672448979	45
98.783673469	46
100.889251700	47
103.016326530	48
105.144897959	49
107.239795918	50
109.361201814	51
111.466326530	52
113.626530612	53
115.771428571	54
117.889319727	55
120.017687074	56
122.158163265	57
124.315306122	58
126.423469387	59
128.535714285	60
130.663265306	61
132.815306122	62
134.948979591	63
137.064285714	64
139.253061224	65
141.360929705	66
143.486734693	67
145.614285714	68
147.718367346	69
149.808163265	70
151.913265306	71
154.008412698	72
156.137256235	73
