0.253061224	0
2.261224489	1
4.267346938	2
6.268367346	3
8.361224489	4
10.379591836	5
12.428480725	6
14.429750566	7
16.474557823	8
18.512108843	9
20.554013605	10
22.574149659	11
24.630566893	12
26.640544217	13
28.654875283	14
30.664852607	15
32.747392290	16
34.753015873	17
36.818049886	18
38.812154195	19
40.938231292	20
42.891609977	21
44.886417233	22
46.756281179	23
48.667573696	24
50.580317460	25
52.506122448	26
54.391292517	27
56.418095238	28
58.448480725	29
60.454603174	30
62.427120181	31
64.435374149	32
66.455510204	33
68.466167800	34
70.466031746	35
72.499954648	36
74.488163265	37
76.486530612	38
78.474195011	39
80.528253968	40
82.563129251	41
84.578027210	42
86.568344671	43
88.666848072	44
90.646349206	45
92.569251700	46
94.492154195	47
96.410068027	48
98.297324263	49
100.249251700	50
102.169251700	51
104.200997732	52
106.216780045	53
108.220952380	54
110.222222222	55
112.233650793	56
114.255238095	57
116.246349206	58
118.267936507	59
120.277913832	60
122.302403628	61
124.310929705	62
126.318004535	63
128.367165532	64
130.411972789	65
132.466938775	66
134.466598639	67
136.518820861	68
138.554126984	69
140.618027210	70
