1.027551020	0
3.377551020	1
5.656122448	2
7.890770975	3
10.120408163	4
12.337755102	5
14.513265306	6
16.675578231	7
18.838775510	8
21.006122448	9
23.264285714	10
25.486734693	11
27.682834467	12
29.874716553	13
32.052040816	14
34.250000000	15
36.402743764	16
38.552040816	17
40.754897959	18
42.915011337	19
45.112993197	20
47.319387755	21
49.546734693	22
51.746734693	23
53.842721088	24
56.031632653	25
58.213265306	26
60.336734693	27
62.444897959	28
63.482653061	29
65.562539682	30
67.688775510	31
69.774489795	32
71.854081632	33
72.887755102	34
74.491836734	35
76.114557823	36
77.726530612	37
79.352448979	38
81.462244897	39
83.593877551	40
85.753469387	41
87.853061224	42
90.016326530	43
92.245918367	44
94.417392290	45
96.596938775	46
98.741836734	47
100.881587301	48
103.009637188	49
105.142358276	50
107.286734693	51
109.521428571	52
111.667346938	53
113.782653061	54
115.961383219	55
118.073356009	56
120.209569160	57
122.372448979	58
124.513424036	59
126.659183673	60
128.769546485	61
130.873537414	62
131.897959183	63
134.001609977	64
136.093877551	65
138.162244897	66
140.257142857	67
141.297392290	68
142.900000000	69
144.480612244	70
146.135714285	71
148.296938775	72
150.403061224	73
152.490816326	74
154.538888888	75
156.615306122	76
158.691836734	77
160.739795918	78
162.782653061	79
164.850612244	80
166.936734693	81
169.027551020	82
171.097959183	83
172.131632653	84
174.188775510	85
176.236734693	86
178.302154195	87
180.348979591	88
181.367346938	89
182.939795918	90
184.480612244	91
186.080839002	92
187.653061224	93
189.248979591	94
190.807142857	95
192.405102040	96
194.635714285	97
196.776530612	98
198.976802721	99
201.148979591	100
203.412244897	101
205.940816326	102
208.744829931	103
