1.04639455695	0
3.06403628095	1
5.15777777695	2
7.16195011295	3
9.15741496595	4
11.1594557819	5
13.1634693869	6
15.1635374149	7
17.1565986389	8
19.1414965979	9
21.1492516999	10
23.1360090699	11
25.1472108839	12
27.1512925169	13
29.1570068019	14
31.1345578229	15
33.1251700679	16
35.1308843529	17
37.1406802719	18
39.1219047609	19
41.1027210879	20
43.0982312919	21
45.1170068019	22
47.0998639449	23
49.0553741489	24
51.0696598639	25
53.0614965979	26
55.0619047609	27
57.0684353739	28
59.0684353739	29
61.0708843529	30
63.0790476189	31
65.0523809519	32
67.0852607709	33
69.0936961449	34
71.1016326529	35
73.1055782309	36
75.1119954639	37
77.1369160989	38
79.1473469379	39
81.1398185939	40
83.1712018139	41
85.1686621309	42
87.1919954639	43
89.2024943309	44
91.2243990929	45
93.2363265299	46
95.2213151919	47
97.2277551019	48
99.1952834459	49
101.179274376	50
103.147301587	51
105.119818594	52
107.078866213	53
109.04739229	54
111.011927437	55
112.972970521	56
114.959954648	57
116.939455782	58
118.898503401	59
120.87201814	60
122.83755102	61
124.805578231	62
126.766621315	63
128.719682539	64
130.673015873	65
132.644761904	66
134.59632653	67
136.563854875	68
138.528117913	69
140.487437641	70
142.445986394	71
144.403038548	72
146.341133786	73
148.304104308	74
150.244421768	75
152.212290249	76
154.19877551	77
156.179773242	78
158.186213151	79
160.178185941	80
162.16877551	81
164.158639455	82
166.145623582	83
168.137097505	84
170.117596371	85
172.07664399	86
174.052653061	87
176.000725623	88
177.944036281	89
179.900362811	90
181.850929705	91
183.789024943	92
185.738095238	93
187.690657596	94
189.63723356	95
191.591292517	96
193.567301587	97
195.541315192	98
197.505351473	99
199.468390022	100
201.421451247	101
203.39047619	102
205.328072562	103
207.300589569	104
209.298911564	105
