0.744897959	0
4.036734693	1
7.367981859	2
10.690793650	3
14.033673469	4
17.359183673	5
20.697959183	6
24.020408163	7
27.409183673	8
30.764285714	9
34.162244897	10
37.512244897	11
40.882811791	12
44.247959183	13
47.591836734	14
50.902040816	15
54.267346938	16
57.618820861	17
60.923469387	18
64.260136054	19
67.603038548	20
70.966575963	21
74.332448979	22
77.710204081	23
81.082879818	24
84.485714285	25
87.873469387	26
91.242857142	27
94.682834467	28
98.162834467	29
101.579591836	30
105.000000000	31
108.442834467	32
111.844897959	33
115.259183673	34
118.690793650	35
122.139115646	36
125.621428571	37
129.051020408	38
132.486258503	39
135.922857142	40
139.367346938	41
142.810340136	42
151.030612244	43
154.462993197	44
158.043877551	45
161.594829931	46
