1.182653061	0
3.645918367	1
6.059501133	2
8.560816326	3
11.040816326	4
13.463401360	5
15.927369614	6
18.351587301	7
20.812244897	8
23.339795918	9
25.778571428	10
28.237755102	11
30.663265306	12
33.103378684	13
35.526530612	14
37.967392290	15
40.398979591	16
42.822448979	17
45.276530612	18
47.695646258	19
50.135487528	20
52.570408163	21
54.998979591	22
57.480612244	23
59.941836734	24
62.396938775	25
64.839387755	26
67.267346938	27
69.714285714	28
72.111451247	29
74.604081632	30
77.047392290	31
79.591383219	32
82.035578231	33
84.544897959	34
87.027551020	35
89.491836734	36
91.968367346	37
94.461224489	38
96.927460317	39
99.383446712	40
101.818367346	41
104.295578231	42
106.723469387	43
109.272244897	44
111.810204081	45
114.358163265	46
116.873242630	47
119.375419501	48
121.861224489	49
124.319569160	50
126.768571428	51
129.319365079	52
131.895918367	53
134.469387755	54
137.057142857	55
139.663446712	56
142.269387755	57
144.866326530	58
147.455419501	59
150.040816326	60
152.627551020	61
155.221428571	62
157.815306122	63
160.392857142	64
163.023469387	65
