0.363265306	0
1.936734693	1
3.512244897	2
5.091836734	3
6.592857142	4
8.161224489	5
9.806122448	6
11.394376417	7
12.978571428	8
14.589795918	9
16.184693877	10
17.793877551	11
19.387755102	12
21.015306122	13
22.563265306	14
24.193877551	15
25.753061224	16
27.387755102	17
28.988684807	18
30.586734693	19
32.222448979	20
33.759183673	21
35.300000000	22
36.925510204	23
38.561632653	24
40.157142857	25
41.768503401	26
43.384557823	27
45.005102040	28
46.608548752	29
48.211224489	30
49.834693877	31
51.442857142	32
53.051020408	33
54.639795918	34
56.271428571	35
57.877551020	36
59.505102040	37
61.136734693	38
62.683673469	39
64.226530612	40
65.832653061	41
67.461224489	42
69.062244897	43
70.673469387	44
72.296439909	45
73.904489795	46
75.534693877	47
77.143877551	48
78.768639455	49
80.380612244	50
82.009931972	51
83.607142857	52
85.223469387	53
86.848412698	54
88.456439909	55
90.039795918	56
91.688412698	57
93.283673469	58
94.960839002	59
96.553061224	60
98.200476190	61
99.815306122	62
101.464421768	63
103.089795918	64
104.641836734	65
106.182653061	66
107.819387755	67
109.376530612	68
111.044897959	69
112.638775510	70
114.258163265	71
115.803061224	72
117.415306122	73
119.025510204	74
120.665306122	75
122.262244897	76
123.896938775	77
125.504081632	78
127.112244897	79
128.740816326	80
130.320408163	81
131.928571428	82
