1.762244897	0
4.196938775	1
6.603061224	2
8.984693877	3
11.377551020	4
13.773469387	5
16.171428571	6
18.568367346	7
20.956122448	8
23.353061224	9
25.738775510	10
28.141791383	11
30.541814058	12
32.925782312	13
35.335714285	14
37.740816326	15
40.142857142	16
42.545918367	17
44.944897959	18
47.336734693	19
49.712244897	20
52.098979591	21
54.474489795	22
56.853061224	23
59.238775510	24
61.637755102	25
64.010204081	26
66.415306122	27
68.804081632	28
71.206122448	29
73.579591836	30
75.967346938	31
78.361224489	32
80.747165532	33
83.131224489	34
85.535714285	35
87.923469387	36
90.330612244	37
92.720408163	38
95.117346938	39
97.494897959	40
99.907029478	41
102.311201814	42
104.723469387	43
107.115147392	44
109.505102040	45
111.875011337	46
114.275510204	47
116.647959183	48
119.031632653	49
121.432653061	50
123.826961451	51
126.195351473	52
128.574489795	53
130.947029478	54
133.334693877	55
135.698979591	56
138.098979591	57
140.489795918	58
142.890816326	59
145.282653061	60
147.679591836	61
150.068367346	62
152.459183673	63
154.847959183	64
157.243877551	65
159.641836734	66
162.011043083	67
164.427097505	68
166.793877551	69
169.164285714	70
171.553061224	71
173.940816326	72
176.338775510	73
178.704081632	74
181.084693877	75
183.466326530	76
185.857142857	77
188.231632653	78
190.623287981	79
193.008163265	80
195.411224489	81
197.787256235	82
200.194897959	83
202.559183673	84
204.954081632	85
207.311224489	86
209.698979591	87
212.053061224	88
214.439795918	89
216.802040816	90
219.190566893	91
221.556122448	92
223.952040816	93
226.322448979	94
