1.205102040	0
3.137755102	1
5.051020408	2
6.970408163	3
8.837596371	4
10.794897959	5
12.719387755	6
14.653061224	7
16.528571428	8
18.445532879	9
20.353061224	10
22.257142857	11
24.183673469	12
26.097777777	13
27.996938775	14
29.889795918	15
31.783673469	16
33.668367346	17
35.546938775	18
37.485963718	19
39.390816326	20
41.326530612	21
43.191836734	22
45.115306122	23
47.029546485	24
48.956122448	25
50.803061224	26
52.790544217	27
54.670408163	28
56.549569160	29
58.429591836	30
60.345918367	31
62.195918367	32
64.125736961	33
65.941836734	34
67.848979591	35
69.771428571	36
71.637755102	37
73.494897959	38
75.437505668	39
77.325532879	40
79.253560090	41
81.109183673	42
82.996938775	43
84.917664399	44
86.837528344	45
88.741564625	46
90.645918367	47
92.550000000	48
94.465306122	49
96.354081632	50
98.241836734	51
100.079591836	52
102.001020408	53
103.933605442	54
105.830612244	55
107.707142857	56
109.631632653	57
111.547959183	58
113.441836734	59
115.292857142	60
117.239795918	61
119.141836734	62
121.062176870	63
122.926530612	64
124.842857142	65
126.700000000	66
128.589478458	67
130.428571428	68
132.365578231	69
134.231632653	70
136.117346938	71
137.991836734	72
139.925646258	73
141.737755102	74
143.653560090	75
145.461224489	76
147.312244897	77
149.180612244	78
151.093560090	79
152.920408163	80
