0.905102040	0
2.872358276	1
4.872448979	2
6.843877551	3
8.768253968	4
10.711224489	5
12.648095238	6
14.606122448	7
16.561269841	8
18.496371882	9
20.432653061	10
22.384172335	11
24.336167800	12
26.272086167	13
28.242585034	14
30.140204081	15
32.097029478	16
34.032063492	17
36.016122448	18
37.958208616	19
39.931632653	20
41.896099773	21
43.855102040	22
45.832267573	23
47.768072562	24
49.692857142	25
51.671428571	26
53.672086167	27
55.630612244	28
57.592154195	29
59.608117913	30
61.592108843	31
63.576099773	32
65.552403628	33
67.512290249	34
69.496485260	35
71.520181405	36
73.465986394	37
75.408140589	38
77.408231292	39
79.376099773	40
81.416122448	41
83.384285714	42
85.380612244	43
87.360090702	44
89.329705215	45
91.328117913	46
93.312086167	47
95.274467120	48
97.256099773	49
99.232108843	50
101.212244897	51
103.230612244	52
105.233673469	53
107.204081632	54
109.184126984	55
111.168208616	56
113.128208616	57
115.088163265	58
117.040362811	59
119.007142857	60
120.984058956	61
122.960136054	62
124.896303854	63
126.896031746	64
128.864331065	65
130.872290249	66
132.816303854	67
134.784104308	68
136.794761904	69
138.797959183	70
140.780612244	71
142.796938775	72
144.760136054	73
146.745918367	74
148.720226757	75
150.704308390	76
152.651020408	77
154.619387755	78
156.570408163	79
158.552517006	80
160.512108843	81
162.480113378	82
164.456099773	83
