0.379591836	0
3.453832199	1
6.511224489	2
9.551133786	3
12.653945578	4
15.725895691	5
18.765306122	6
21.839591836	7
24.869750566	8
27.938775510	9
30.984693877	10
34.018367346	11
37.118367346	12
40.263265306	13
43.365873015	14
46.498979591	15
49.650000000	16
52.816326530	17
55.953061224	18
59.062244897	19
62.218367346	20
65.370136054	21
68.495918367	22
71.578571428	23
74.675510204	24
77.702040816	25
80.712244897	26
83.730612244	27
86.772448979	28
89.898979591	29
92.945918367	30
96.071428571	31
99.229750566	32
102.347959183	33
105.405691609	34
108.509183673	35
111.600657596	36
114.709183673	37
117.841927437	38
120.913151927	39
123.996938775	40
127.069727891	41
130.085782312	42
133.029705215	43
136.017346938	44
139.065306122	45
142.171428571	46
145.238775510	47
148.297959183	48
151.283673469	49
154.293764172	50
157.374489795	51
160.455102040	52
163.531632653	53
166.556122448	54
169.579591836	55
172.535714285	56
175.537755102	57
178.579591836	58
181.624489795	59
184.610204081	60
187.619387755	61
190.613265306	62
193.533673469	63
196.472448979	64
199.371428571	65
202.301859410	66
205.222448979	67
208.140816326	68
211.070408163	69
213.970589569	70
216.889795918	71
219.890816326	72
222.893877551	73
225.848979591	74
228.789705215	75
231.707142857	76
234.601020408	77
237.536734693	78
240.494897959	79
243.410204081	80
246.326530612	81
249.278571428	82
252.242857142	83
255.259183673	84
258.265306122	85
261.302040816	86
