0.345918367	0
3.536643990	1
6.736666666	2
9.942857142	3
13.139795918	4
16.417346938	5
19.666326530	6
22.896666666	7
26.161678004	8
29.387755102	9
32.555215419	10
35.815306122	11
39.063265306	12
42.351020408	13
45.576712018	14
48.872675736	15
52.178571428	16
55.408730158	17
58.660204081	18
61.959183673	19
65.292857142	20
68.632698412	21
71.936734693	22
75.260204081	23
78.525124716	24
81.848662131	25
85.166326530	26
88.413265306	27
91.691836734	28
95.072607709	29
98.409183673	30
101.665306122	31
104.976938775	32
108.307142857	33
111.546938775	34
114.842857142	35
118.202040816	36
121.520408163	37
124.790816326	38
128.086734693	39
131.422448979	40
134.733673469	41
137.992743764	42
141.285714285	43
144.512743764	44
147.880861678	45
151.165147392	46
154.406122448	47
157.768367346	48
161.057528344	49
168.030612244	50
174.498412698	51
