0.284943309964	0
2.07045351396	1
3.88086167796	2
5.69514739196	3
7.55331065696	4
9.37573696096	5
11.18494331	6
13.02371882	7
14.843106576	8
16.652290249	9
18.428820861	10
20.226780045	11
22.014535147	12
23.820657596	13
25.608412698	14
27.393106576	15
29.276780045	16
31.182131519	17
33.059433106	18
34.963514739	19
36.830453514	20
38.689024943	21
40.55047619	22
42.366575963	23
44.165555555	24
46.113514739	25
47.988004535	26
49.862494331	27
51.717596371	28
53.574739229	29
55.448208616	30
57.277800453	31
59.117596371	32
60.95739229	33
62.798503401	34
64.678548752	35
66.536984127	36
68.486621315	37
70.342426303	38
72.222698412	39
74.078435374	40
75.942562358	41
77.824739229	42
79.72648526	43
81.597188208	44
83.479841269	45
85.35739229	46
87.253310657	47
89.131882086	48
90.982426303	49
92.800249433	50
94.63494331	51
96.464535147	52
98.345147392	53
100.191065759	54
102.012494331	55
103.85739229	56
105.720657596	57
107.548208616	58
109.417936507	59
111.281428571	60
113.121678004	61
114.964535147	62
116.80739229	63
118.658412698	64
120.493106576	65
122.324739229	66
124.197188208	67
126.051111111	68
127.88494331	69
129.706371882	70
131.532902494	71
133.366575963	72
135.188004535	73
137.044126984	74
138.886802721	75
140.742494331	76
142.665555555	77
144.528820861	78
146.497188208	79
148.352290249	80
150.229841269	81
152.078820861	82
153.959297052	83
155.782585034	84
157.710612244	85
159.628820861	86
161.511473922	87
163.383287981	88
165.250249433	89
167.111179138	90
168.963514739	91
170.731882086	92
172.53494331	93
174.372698412	94
176.21861678	95
178.060453514	96
179.87371882	97
181.710521541	98
183.517596371	99
185.335963718	100
187.181882086	101
189.038004535	102
190.879841269	103
192.72371882	104
194.57371882	105
196.406621315	106
198.244126984	107
200.091065759	108
201.920657596	109
203.782743764	110
205.612947845	111
207.526666666	112
209.424739229	113
211.821156462	114
