0.390816326	0
2.166326530	1
3.922448979	2
5.668208616	3
7.348185941	4
9.092448979	5
10.838775510	6
12.564195011	7
14.277551020	8
16.012222222	9
17.804149659	10
19.589863945	11
21.340317460	12
23.156122448	13
24.884217687	14
26.609183673	15
28.318367346	16
30.068367346	17
31.780181405	18
33.566734693	19
35.284897959	20
37.044240362	21
38.796938775	22
40.556235827	23
42.280612244	24
44.036439909	25
45.788344671	26
47.532290249	27
49.300181405	28
51.063265306	29
52.793514739	30
54.540249433	31
56.265306122	32
58.051020408	33
59.785714285	34
61.492244897	35
63.252312925	36
64.981632653	37
66.700294784	38
68.436394557	39
70.214285714	40
71.940204081	41
73.661587301	42
75.403129251	43
77.121428571	44
78.852244897	45
80.572267573	46
82.300204081	47
84.012335600	48
85.716303854	49
87.452176870	50
89.163832199	51
90.874308390	52
92.596190476	53
94.359750566	54
96.086825396	55
97.780272108	56
99.467346938	57
101.208163265	58
102.948185941	59
104.676190476	60
106.405804988	61
108.204081632	62
110.014580498	63
111.756780045	64
113.492471655	65
115.228299319	66
117.005170068	67
118.764195011	68
120.492403628	69
122.284195011	70
124.101746031	71
