0.484897959129	0
2.47020408113	1
4.43120181313	2
6.39142857113	3
8.41306122413	4
10.4072335591	5
12.4152380951	6
14.4103401351	7
16.3837641721	8
18.3348752831	9
20.2965986391	10
22.2383673461	11
24.2062585031	12
26.1469387751	13
28.1289795911	14
30.0740136051	15
32.0364625841	16
33.9629931971	17
35.9221768701	18
37.8712698411	19
39.8851700671	20
41.7831746031	21
43.7360544211	22
45.7126530611	23
47.6859863941	24
49.6482993191	25
51.5945578231	26
53.5265306121	27
55.4715646251	28
57.4274829931	29
59.3572789111	30
61.2803401351	31
63.1885714281	32
65.1412244891	33
67.0804308381	34
68.9834013601	35
70.9262585031	36
72.8429931971	37
74.7763492061	38
76.7004081631	39
78.6247619041	40
80.5665306121	41
82.4985034011	42
84.4130612241	43
86.3123129251	44
88.2552380951	45
90.1684126981	46
92.0963038541	47
94.0082993191	48
95.9624489791	49
97.8791836731	50
99.8078911561	51
101.650612244	52
103.650068027	53
105.552358276	54
107.512312925	55
109.462312925	56
111.388843537	57
113.329523809	58
115.271020408	59
117.179319727	60
119.114557823	61
121.030204081	62
122.944399092	63
124.920272108	64
126.837006802	65
128.764875283	66
130.696598639	67
132.625306122	68
134.560272108	69
136.465306122	70
138.368367346	71
140.288390022	72
142.240385487	73
144.161632652	74
146.056598639	75
148.033197278	76
149.912925169	77
151.857959183	78
153.751836734	79
155.70340136	80
157.601632652	81
159.540136054	82
161.468367346	83
163.417142857	84
165.344761904	85
167.275646258	86
169.208299319	87
171.135238095	88
173.067210884	89
174.963174603	90
176.88217687	91
178.8323356	92
180.744331065	93
182.691156462	94
184.603537414	95
186.55510204	96
188.478367346	97
190.390748299	98
192.295215419	99
194.232925169	100
196.123537414	101
198.071836734	102
200.017959183	103
201.954285714	104
203.896054421	105
205.863945578	106
207.826394557	107
209.794285714	108
211.763265305	109
213.720340135	110
215.700136054	111
217.60031746	112
219.54893424	113
221.486258503	114
223.462857142	115
225.431836734	116
227.354013605	117
229.340408163	118
231.281496598	119
233.204444444	120
235.173650793	121
237.088979591	122
239.053605442	123
240.965986394	124
242.900136054	125
244.804897959	126
246.735782312	127
248.620340135	128
250.589931972	129
252.476190476	130
254.433197278	131
256.320544217	132
258.272108843	133
260.167074829	134
262.104489795	135
264.026666666	136
265.980340135	137
267.916712018	138
269.844353741	139
271.732290249	140
273.703945578	141
275.622857142	142
277.519999999	143
279.478095237	144
281.436190476	145
283.395374149	146
285.276349206	147
287.23632653	148
289.217414965	149
291.140362811	150
293.109999999	151
295.075646258	152
297.020362811	153
298.980340135	154
300.884353741	155
302.900362811	156
304.845487528	157
306.812403627	158
308.748367346	159
310.732426303	160
312.700385487	161
314.653061224	162
316.586417233	163
318.562131519	164
320.51632653	165
322.468390022	166
324.412403627	167
