0.246712018	0
2.372789115	1
4.493061224	2
6.627120181	3
8.735056689	4
10.850975056	5
12.963990929	6
15.085714285	7
17.166802721	8
19.276190476	9
21.347233560	10
23.486258503	11
25.553560090	12
27.651179138	13
29.712108843	14
31.817868480	15
33.914195011	16
36.021405895	17
38.097414965	18
40.214784580	19
42.355442176	20
44.442993197	21
46.563265306	22
48.660000000	23
50.765351473	24
52.869659863	25
54.981950113	26
57.098594104	27
59.161541950	28
61.276734693	29
63.327346938	30
65.426575963	31
67.502585034	32
69.588027210	33
71.675260770	34
73.784308390	35
75.867573696	36
77.938503401	37
80.040634920	38
82.156802721	39
84.195487528	40
86.303492063	41
88.390385487	42
90.520090702	43
92.605532879	44
94.743219954	45
96.810521541	46
98.908299319	47
101.019863945	48
103.126349206	49
105.230657596	50
107.358911564	51
109.419251700	52
111.529795918	53
113.615963718	54
115.727528344	55
117.849251700	56
119.971700680	57
122.063673469	58
124.179206349	59
126.273015873	60
128.360634920	61
130.400748299	62
132.475646258	63
134.545850340	64
138.422902494	65
