0.83199546473	0
2.86628117873	1
4.92179138273	2
6.97077097473	3
9.00097505573	4
11.0556689337	5
13.1050340127	6
15.1487301587	7
17.1963492057	8
19.2109523807	9
21.2623809517	10
23.3233333327	11
25.3696825387	12
27.4223809517	13
29.4668253967	14
31.5080952377	15
33.5550793647	16
35.6033333327	17
37.6299999997	18
39.6833333327	19
41.7392063487	20
43.7849206347	21
45.8103174597	22
47.8623809517	23
49.9214285707	24
51.9639682537	25
54.0109523807	26
56.0553968247	27
58.1030158727	28
60.1423809517	29
62.1938095237	30
64.2339909287	31
66.2839682537	32
68.3277777777	33
70.3538095237	34
72.4014285707	35
74.4452380947	36
76.5055555547	37
78.5506349197	38
80.5849206347	39
82.6439682537	40
84.6884126977	41
86.7379365077	42
88.7823809517	43
90.8084126977	44
92.8541269837	45
94.9220634917	46
96.9614285707	47
99.0065079357	48
101.052539682	49
103.108095238	50
105.148730159	51
107.178571428	52
109.227460317	53
111.274444444	54
113.319523809	55
115.359569161	56
117.405873016	57
119.445238095	58
121.501746032	59
123.522063492	60
125.573492063	61
127.625555555	62
129.68015873	63
131.719523809	64
133.768412698	65
135.817301587	66
137.854761905	67
139.901746032	68
141.95	69
143.977301587	70
146.018571428	71
148.087777778	72
150.132857143	73
152.176031746	74
154.224920635	75
156.266825397	76
158.299206349	77
160.347460317	78
162.404603174	79
164.437619047	80
166.482063492	81
168.53984127	82
170.557619047	83
172.628730159	84
174.675714285	85
176.698571428	86
178.759523809	87
180.795079365	88
182.850952381	89
184.903015873	90
186.943015873	91
188.974761905	92
191.016666666	93
193.048412698	94
195.123333333	95
197.159523809	96
199.210952381	97
201.238888889	98
203.301746032	99
205.353174603	100
207.386825397	101
209.429365079	102
211.483333333	103
213.535487528	104
215.572222222	105
217.584285714	106
219.665555555	107
221.702380952	108
223.73984127	109
225.791269841	110
227.844603174	111
229.882063492	112
231.934761905	113
233.97984127	114
236.028095238	115
238.073809524	116
240.113174603	117
242.158253968	118
244.209047619	119
246.255396825	120
