0.345192743263	0
3.57165532826	1
6.86780045326	2
10.1312925163	3
13.3588208613	4
16.6489569153	5
19.8927437633	6
23.1689795913	7
26.4306122443	8
29.7009523803	9
32.9809523803	10
36.2609750563	11
39.5117913823	12
42.7739682533	13
46.0539229023	14
49.2964172333	15
52.5240362803	16
55.8192970513	17
59.1225170063	18
62.3146031743	19
65.5939455773	20
68.8665306113	21
72.1721088433	22
75.4105668933	23
78.6585260763	24
81.9305442173	25
85.1952380943	26
88.4518820853	27
91.7465532873	28
94.9706122443	29
98.2129251693	30
101.472789115	31
104.762517006	32
108.034535147	33
111.261451246	34
114.530566893	35
117.802539682	36
121.106598639	37
124.364399092	38
127.59462585	39
130.834535147	40
134.138571428	41
137.371405895	42
140.654648525	43
143.898548752	44
147.138526076	45
150.428798185	46
153.674512471	47
156.90893424	48
160.186621314	49
163.48265306	50
166.699138321	51
169.946916099	52
173.226530611	53
176.546530611	54
179.791156462	55
182.994512471	56
186.274580498	57
189.548979591	58
192.821541949	59
196.094104308	60
199.378526076	61
202.604761904	62
205.930544217	63
209.138571428	64
212.450544217	65
215.700453514	66
218.973945577	67
222.237256235	68
225.484285714	69
228.754580498	70
232.042562358	71
235.308616779	72
238.537641723	73
241.764852607	74
245.124489795	75
248.338616779	76
251.580725623	77
254.822448979	78
258.117437641	79
261.354580498	80
264.669160997	81
267.890521541	82
271.167120181	83
274.423356008	84
277.701360543	85
281.086394557	86
284.378480725	87
