0.216326530	0
2.418367346	1
4.613265306	2
6.818367346	3
9.028571428	4
11.234693877	5
13.420408163	6
15.651814058	7
17.845827664	8
20.043877551	9
22.252040816	10
24.451020408	11
26.657142857	12
28.858163265	13
31.067346938	14
33.273469387	15
35.478571428	16
37.683106575	17
39.899138321	18
42.091836734	19
44.301020408	20
46.483083900	21
48.715351473	22
50.920408163	23
53.135714285	24
55.315238095	25
57.535714285	26
59.739954648	27
61.935873015	28
64.170408163	29
66.355124716	30
68.544897959	31
70.749637188	32
72.941836734	33
75.172154195	34
77.358163265	35
79.570408163	36
81.768367346	37
83.995918367	38
86.202040816	39
88.397959183	40
90.590816326	41
92.796938775	42
95.011360544	43
97.195918367	44
99.435079365	45
101.627165532	46
103.833673469	47
106.040816326	48
108.248979591	49
110.451111111	50
112.641836734	51
114.875079365	52
117.083129251	53
119.271428571	54
121.483333333	55
123.675510204	56
125.864285714	57
128.058163265	58
130.291088435	59
132.491111111	60
134.701020408	61
136.883061224	62
139.103061224	63
141.283673469	64
143.515306122	65
145.723106575	66
147.909183673	67
150.098979591	68
152.307142857	69
154.505102040	70
156.711224489	71
158.925510204	72
161.122448979	73
163.323469387	74
165.494897959	75
167.732653061	76
169.923469387	77
172.133673469	78
174.355102040	79
176.561224489	80
178.739251700	81
