1.54249433031	0
3.99873015831	1
6.44226757331	2
8.86541950031	3
11.2600907023	4
13.6568253963	5
16.0440816323	6
18.4186848063	7
20.8219501133	8
23.2023582763	9
25.5116553283	10
27.8372789113	11
30.1574603173	12
32.4975963713	13
34.7941950113	14
37.0889795913	15
39.3946485253	16
41.7347845803	17
44.0887301583	18
46.4247392283	19
48.7733333333	20
51.0735600903	21
53.3665306113	22
55.6812698403	23
57.9833106573	24
60.3143764163	25
62.6087981853	26
64.8966893423	27
67.1733333333	28
69.5261678003	29
71.8372789113	30
74.1751473913	31
76.5216099773	32
78.7996371873	33
81.0780952373	34
83.3671428563	35
85.6168707473	36
87.9152834463	37
90.1683446703	38
92.4159637183	39
94.7034920633	40
97.0345578223	41
99.3751020403	42
101.73770975	43
104.072698412	44
106.384217686	45
108.659024943	46
110.967074829	47
113.255124716	48
115.599637187	49
117.916190475	50
120.247074829	51
122.511201813	52
124.800544217	53
127.079478457	54
129.359274376	55
131.665011337	56
133.951088435	57
136.225487528	58
138.503333333	59
140.767074829	60
143.026394557	61
145.397369614	62
147.751088435	63
150.127120181	64
152.455124716	65
154.761541949	66
157.029115645	67
159.363809523	68
161.64770975	69
163.951564625	70
166.251088435	71
168.544761904	72
170.827052153	73
173.172426303	74
175.503492063	75
177.859954648	76
180.123900226	77
182.395079364	78
184.63510204	79
186.899070294	80
189.156099772	81
191.469024943	82
193.751247165	83
195.998730158	84
198.263446711	85
200.528435373	86
202.848616779	87
205.199637187	88
207.532517006	89
209.862811791	90
212.18557823	91
214.431337868	92
216.698956915	93
218.975215419	94
221.279274376	95
223.570612244	96
225.832743763	97
228.096689342	98
230.41526077	99
232.722539682	100
235.045623582	101
237.301224489	102
239.561541949	103
241.815170067	104
244.107573695	105
246.367233559	106
248.644535147	107
250.914829931	108
253.136145124	109
255.375215419	110
257.649523809	111
260.011428571	112
262.358820861	113
264.6792517	114
266.999637187	115
269.312108843	116
271.592380952	117
273.878095237	118
276.135306122	119
278.436825396	120
280.74324263	121
283.077188208	122
285.39185941	123
287.728435373	124
290.031428571	125
292.391133786	126
