1.183673469	0
3.700204081	1
6.119387755	2
8.548072562	3
10.923469387	4
13.294897959	5
15.683673469	6
18.060204081	7
20.428117913	8
22.805102040	9
25.178571428	10
27.560204081	11
29.973469387	12
32.333537414	13
34.747959183	14
37.127551020	15
39.538775510	16
41.850000000	17
44.239795918	18
46.608163265	19
48.988321995	20
51.338775510	21
53.726530612	22
56.121428571	23
58.440816326	24
60.780090702	25
63.092857142	26
65.429591836	27
67.731632653	28
70.029591836	29
72.316281179	30
74.605442176	31
76.923469387	32
79.244444444	33
81.588775510	34
83.910204081	35
86.276507936	36
88.596326530	37
90.916530612	38
93.247959183	39
95.567346938	40
97.890816326	41
100.234693877	42
102.580272108	43
104.927551020	44
107.267346938	45
109.565306122	46
111.900000000	47
114.206122448	48
116.509183673	49
118.779591836	50
121.061224489	51
123.307142857	52
125.612585034	53
127.892290249	54
130.180317460	55
132.490816326	56
134.811224489	57
137.128571428	58
139.481632653	59
141.778571428	60
144.061224489	61
146.404081632	62
148.762244897	63
151.050000000	64
153.398979591	65
155.712244897	66
158.045918367	67
160.354081632	68
162.710204081	69
165.100521541	70
