0.266326530	0
2.737755102	1
5.190816326	2
7.653061224	3
10.096394557	4
12.514285714	5
14.961224489	6
17.388775510	7
19.835714285	8
22.263265306	9
24.696938775	10
27.144671201	11
29.554081632	12
31.974489795	13
34.360385487	14
36.813265306	15
39.257142857	16
41.712448979	17
44.118367346	18
46.539795918	19
48.979591836	20
51.448979591	21
53.876530612	22
56.305102040	23
58.729591836	24
61.145918367	25
63.488344671	26
65.898004535	27
68.277551020	28
70.716326530	29
73.152040816	30
75.584557823	31
78.007142857	32
80.448548752	33
82.879591836	34
85.336303854	35
87.760430839	36
90.202040816	37
92.632653061	38
95.085714285	39
97.444897959	40
99.869387755	41
102.233673469	42
104.650000000	43
107.072426303	44
109.464285714	45
111.896938775	46
114.328548752	47
116.728571428	48
119.176530612	49
121.575510204	50
123.990816326	51
126.428571428	52
128.872380952	53
131.256575963	54
133.643877551	55
135.991836734	56
138.368526077	57
140.692857142	58
143.072448979	59
145.371428571	60
147.753061224	61
150.083673469	62
