0.552040816	0
2.439795918	1
4.287755102	2
6.129523809	3
7.951020408	4
9.785555555	5
11.580612244	6
13.406122448	7
15.247959183	8
17.018367346	9
18.836734693	10
20.640816326	11
22.465555555	12
24.249569160	13
26.027551020	14
27.817777777	15
29.649886621	16
31.457800453	17
33.247959183	18
35.050000000	19
36.861224489	20
38.675510204	21
40.455102040	22
42.267346938	23
44.073605442	24
45.881519274	25
47.669387755	26
49.480612244	27
51.282653061	28
53.100000000	29
54.893877551	30
56.718367346	31
58.541836734	32
60.337551020	33
62.138775510	34
63.930068027	35
65.734693877	36
67.561814058	37
69.322448979	38
71.134693877	39
72.961224489	40
74.772448979	41
76.547959183	42
78.430612244	43
80.298911564	44
82.118367346	45
83.905102040	46
85.745736961	47
87.593582766	48
89.395918367	49
91.193877551	50
93.017573696	51
94.817823129	52
96.644897959	53
98.430612244	54
100.226530612	55
102.073764172	56
103.916326530	57
105.689546485	58
107.510204081	59
109.320408163	60
111.153696145	61
112.923469387	62
114.736734693	63
116.543877551	64
118.362244897	65
120.105102040	66
121.916326530	67
123.714285714	68
125.529909297	69
127.314285714	70
129.138548752	71
130.930362811	72
132.740816326	73
134.561655328	74
