9.765306122	0
12.410204081	1
14.953061224	2
17.531632653	3
20.000476190	4
22.506122448	5
25.005102040	6
27.518367346	7
29.980612244	8
32.519977324	9
34.983945578	10
37.461224489	11
39.907392290	12
42.392857142	13
44.801020408	14
47.265306122	15
49.649659863	16
52.040000000	17
54.476530612	18
57.056122448	19
59.445918367	20
61.978571428	21
64.453061224	22
66.991836734	23
69.480226757	24
71.998979591	25
74.474489795	26
76.954376417	27
79.367959183	28
81.864285714	29
84.394444444	30
86.889795918	31
89.338775510	32
91.825510204	33
94.210204081	34
96.616145124	35
98.972448979	36
101.421428571	37
103.825510204	38
106.368027210	39
108.760204081	40
111.287981859	41
113.768185941	42
116.295918367	43
118.746938775	44
121.230612244	45
123.695986394	46
126.199977324	47
128.579591836	48
131.015986394	49
133.432653061	50
135.859183673	51
138.112018140	52
140.475510204	53
142.885714285	54
150.229591836	55
152.737755102	56
155.351020408	57
157.861859410	58
160.350000000	59
162.823469387	60
165.302040816	61
167.753786848	62
170.271428571	63
172.654081632	64
175.180612244	65
177.620408163	66
180.065306122	67
182.509954648	68
184.992857142	69
187.382653061	70
189.795918367	71
192.353287981	72
