0.320362811791	0
3.15029478379	1
6.03682539679	2
8.85151927379	3
11.7113832198	4
14.5505668928	5
17.4312925168	6
20.2336507928	7
23.0952607708	8
25.9527664398	9
28.7800453508	10
31.6498866208	11
34.4712925168	12
37.3082993188	13
40.1621768698	14
42.9971882078	15
45.8452607708	16
48.6911564618	17
51.5312471648	18
54.3752607708	19
57.2223129248	20
60.0632199538	21
62.9140136048	22
65.7489342398	23
68.5960997728	24
71.4346485258	25
74.2834920628	26
77.1212698408	27
79.9775056688	28
82.8006349198	29
85.6650340128	30
88.5067573688	31
91.3507482988	32
94.1929251698	33
97.0341950108	34
99.8664172328	35
102.733424036	36
105.571791383	37
108.419954648	38
111.25015873	39
114.099954648	40
116.952199546	41
119.793015873	42
122.635464852	43
125.490975056	44
128.321179138	45
131.173424036	46
134.011791383	47
136.858321995	48
139.704036281	49
142.536689342	50
145.397913832	51
148.238730158	52
151.079546485	53
153.930408163	54
156.763628118	55
159.612607709	56
162.454240363	57
165.299954648	58
168.129342403	59
170.983219954	60
173.826417233	61
176.679546485	62
179.515464852	63
182.363356009	64
185.218412698	65
188.050521542	66
190.897505669	67
193.743219954	68
196.582403628	69
199.434648526	70
202.269750567	71
205.119546485	72
207.960362812	73
210.805260771	74
213.646893424	75
216.498435374	76
219.337505669	77
222.18648526	78
225.015056689	79
227.868117914	80
230.722403628	81
233.558730158	82
236.397981859	83
239.25047619	84
242.074376417	85
244.930975056	86
