0.563265306	0
4.273469387	1
8.304081632	2
12.199546485	3
16.282653061	4
20.177551020	5
23.837755102	6
27.580612244	7
31.267346938	8
34.972448979	9
38.755102040	10
42.623469387	11
46.370408163	12
50.306122448	13
54.080612244	14
57.868367346	15
61.693877551	16
65.445782312	17
69.248979591	18
72.971428571	19
76.687755102	20
80.440816326	21
84.103061224	22
87.722448979	23
91.445850340	24
95.070408163	25
98.738775510	26
102.489795918	27
106.293877551	28
110.075510204	29
113.844897959	30
117.640702947	31
121.413605442	32
125.242857142	33
129.026530612	34
132.877551020	35
136.664285714	36
140.491836734	37
144.210204081	38
148.013265306	39
151.801020408	40
155.565306122	41
159.406122448	42
163.272448979	43
167.124489795	44
170.968367346	45
174.716326530	46
178.527551020	47
182.309886621	48
186.181632653	49
190.002040816	50
193.794897959	51
197.573605442	52
201.382653061	53
205.067346938	54
208.756122448	55
212.670748299	56
