0.212244897	0
2.334693877	1
4.431632653	2
6.493310657	3
8.529591836	4
10.653287981	5
12.679591836	6
14.725510204	7
16.762244897	8
18.813492063	9
20.840816326	10
22.874489795	11
24.933446712	12
27.014285714	13
29.061315192	14
31.111224489	15
33.169387755	16
35.215306122	17
37.246938775	18
39.285306122	19
41.328571428	20
43.398979591	21
45.495918367	22
47.562244897	23
49.621337868	24
51.681632653	25
53.716326530	26
55.756122448	27
57.805487528	28
59.841836734	29
61.886734693	30
63.908163265	31
65.931632653	32
67.983673469	33
70.053333333	34
72.082653061	35
74.124489795	36
76.197528344	37
78.213287981	38
80.229342403	39
82.256122448	40
84.338775510	41
86.336734693	42
88.390816326	43
90.429501133	44
92.468367346	45
94.492857142	46
96.524489795	47
98.541519274	48
100.577551020	49
102.596938775	50
104.645328798	51
106.663265306	52
108.733673469	53
110.778571428	54
112.790816326	55
114.819387755	56
116.893287981	57
118.925532879	58
120.930612244	59
122.947959183	60
125.008163265	61
127.037755102	62
129.037755102	63
131.059183673	64
133.070408163	65
135.109183673	66
137.137755102	67
139.165374149	68
141.223605442	69
143.261541950	70
145.287324263	71
147.309433106	72
149.342857142	73
151.396938775	74
153.415306122	75
155.426530612	76
157.509319727	77
159.521428571	78
161.540816326	79
163.573469387	80
165.612244897	81
167.620408163	82
169.624489795	83
171.645487528	84
173.687755102	85
175.704081632	86
177.741315192	87
179.741269841	88
181.779591836	89
183.816326530	90
185.837755102	91
187.851020408	92
189.874489795	93
191.893287981	94
193.864285714	95
195.839795918	96
197.858163265	97
199.841836734	98
201.864285714	99
203.837755102	100
205.854081632	101
207.854081632	102
209.860204081	103
211.897959183	104
213.904081632	105
215.935714285	106
217.933356009	107
219.931632653	108
221.983922902	109
223.976530612	110
226.005283446	111
227.987755102	112
230.063061224	113
232.079591836	114
234.101292517	115
236.078571428	116
238.108163265	117
240.133673469	118
242.125487528	119
244.125510204	120
246.141269841	121
248.157346938	122
250.125510204	123
252.129591836	124
254.129591836	125
256.139795918	126
258.155102040	127
260.114285714	128
