0.175510204	0
1.926530612	1
3.681632653	2
5.439795918	3
7.188775510	4
8.992857142	5
10.753061224	6
12.514285714	7
14.264285714	8
16.027551020	9
17.801020408	10
19.561224489	11
21.317346938	12
23.088956916	13
24.773469387	14
26.543877551	15
28.311224489	16
30.052040816	17
31.781632653	18
33.557142857	19
35.321428571	20
37.076530612	21
38.814285714	22
40.579591836	23
42.341836734	24
44.098979591	25
45.848979591	26
47.625510204	27
49.374489795	28
51.123469387	29
52.888775510	30
54.652040816	31
56.404081632	32
58.162244897	33
59.906122448	34
61.691836734	35
63.458163265	36
65.224693877	37
67.010204081	38
68.777619047	39
70.544897959	40
72.304081632	41
74.048979591	42
75.830612244	43
77.602040816	44
79.351020408	45
81.109183673	46
82.881632653	47
84.648979591	48
86.447959183	49
88.200000000	50
89.982653061	51
91.769092970	52
93.523469387	53
95.285714285	54
97.069387755	55
98.823469387	56
100.571428571	57
102.290816326	58
104.046938775	59
105.817346938	60
107.576689342	61
109.281632653	62
111.068367346	63
112.853061224	64
114.638775510	65
116.411224489	66
118.195918367	67
119.973469387	68
121.709183673	69
123.467346938	70
125.268367346	71
127.030612244	72
128.809183673	73
130.556122448	74
132.343877551	75
134.112244897	76
135.881632653	77
137.641836734	78
139.424489795	79
141.178571428	80
142.948979591	81
144.718367346	82
146.482653061	83
148.258163265	84
150.033673469	85
151.786734693	86
153.550000000	87
155.312244897	88
157.082653061	89
158.839795918	90
160.616326530	91
162.393877551	92
164.152698412	93
165.916326530	94
167.686734693	95
169.445918367	96
171.208934240	97
172.980612244	98
174.743877551	99
176.516326530	100
178.288639455	101
180.039795918	102
181.804081632	103
183.567346938	104
185.334693877	105
187.098979591	106
188.852040816	107
190.579591836	108
192.354081632	109
194.132653061	110
195.917346938	111
197.680657596	112
199.456689342	113
201.207142857	114
202.990816326	115
204.739795918	116
206.506122448	117
208.276530612	118
210.037755102	119
211.812244897	120
213.575510204	121
215.351020408	122
