0.475691609372	0
2.56657596337	1
4.67321995437	2
6.74834467037	3
8.82512471637	4
10.9148752834	5
12.9542176864	6
15.0011791374	7
17.0571201814	8
19.0637641714	9
21.1451247164	10
23.2414058954	11
25.2463038544	12
27.2980045344	13
29.3703854874	14
31.4569160994	15
33.5173242624	16
35.6060317454	17
37.6316099764	18
39.6822222214	19
41.7578684804	20
43.8193650784	21
45.8667120174	22
47.9383219954	23
49.9396371874	24
51.9880725614	25
53.9995011334	26
56.0686167794	27
58.0767800444	28
60.1480725614	29
62.1671201814	30
64.1883446704	31
66.2563718814	32
68.2057596364	33
70.2215419494	34
72.1785487524	35
74.1910657594	36
76.2329705214	37
78.2803174594	38
80.3276643984	39
82.3619501134	40
84.3940589564	41
86.4337868474	42
88.4833106574	43
90.5633106574	44
92.5965079364	45
94.6580045344	46
96.7129705214	47
98.7548752834	48
100.857732425	49
102.900725623	50
104.918684806	51
106.985623582	52
109.082199546	53
111.114512471	54
113.177732425	55
115.219637187	56
117.293106575	57
119.298004534	58
121.360589568	59
123.458004534	60
125.538571428	61
127.594467119	62
129.59419501	63
131.578253967	64
133.570158729	65
135.530929704	66
137.532562357	67
139.535283446	68
141.444399092	69
143.466417233	70
145.434217686	71
147.450453514	72
149.394580498	73
151.362222221	74
153.362199546	75
155.362108843	76
157.33818594	77
159.378548752	78
161.348616779	79
163.326303854	80
165.288752834	81
167.386371881	82
