0.217346938	0
1.819387755	1
3.419387755	2
5.026689342	3
6.579591836	4
8.177551020	5
9.792857142	6
11.379591836	7
12.992857142	8
14.583673469	9
16.197959183	10
17.788775510	11
19.370929705	12
20.947074829	13
22.554988662	14
24.141836734	15
25.742857142	16
27.334693877	17
28.929591836	18
30.554081632	19
32.171156462	20
33.739795918	21
35.349455782	22
36.936734693	23
38.533673469	24
40.132653061	25
41.722448979	26
43.313265306	27
44.914965986	28
46.501020408	29
48.091111111	30
49.712244897	31
51.299229024	32
52.923083900	33
54.507142857	34
56.113265306	35
57.698979591	36
59.292857142	37
60.930975056	38
62.519387755	39
64.154081632	40
65.787210884	41
67.420476190	42
69.050975056	43
70.699002267	44
72.289795918	45
73.910204081	46
75.516326530	47
77.133310657	48
78.735714285	49
80.362970521	50
81.987006802	51
83.609183673	52
85.194897959	53
86.817346938	54
88.414285714	55
90.029591836	56
91.613265306	57
93.234943310	58
94.869387755	59
96.469365079	60
98.074489795	61
99.694897959	62
101.314285714	63
102.927551020	64
104.515124716	65
106.147052154	66
107.762947845	67
109.339002267	68
110.982653061	69
112.634693877	70
114.273469387	71
115.921428571	72
117.565306122	73
119.203061224	74
120.844897959	75
122.468367346	76
124.090997732	77
125.707142857	78
127.346984126	79
128.995079365	80
130.637755102	81
132.300000000	82
133.930929705	83
135.566326530	84
137.162947845	85
138.802040816	86
140.422448979	87
142.070408163	88
143.690975056	89
145.371179138	90
146.995011337	91
148.631632653	92
150.258979591	93
151.919387755	94
153.540589569	95
155.163106575	96
156.781383219	97
158.419024943	98
160.051904761	99
161.683673469	100
163.321836734	101
164.945918367	102
166.579047619	103
168.196712018	104
169.811473922	105
171.443015873	106
173.099047619	107
174.735714285	108
176.368367346	109
178.010204081	110
179.626938775	111
181.269387755	112
182.889795918	113
184.512244897	114
186.130952380	115
187.776530612	116
189.438775510	117
191.116326530	118
192.780612244	119
