0.390793650667	0
2.18507936467	1
3.72340135967	2
5.30526077067	3
6.83791383167	4
8.44358276567	5
10.0387528337	6
11.5717460317	7
13.1099999997	8
14.6699319727	9
16.2534693877	10
17.7903401357	11
19.3738775507	12
20.9818820857	13
22.5419047617	14
24.0586394557	15
25.5871655327	16
27.1838321987	17
28.7813605437	18
30.3579365077	19
31.9563265297	20
33.5617687067	21
35.1819274367	22
36.7739682537	23
38.3639455777	24
39.9922448977	25
41.5552380947	26
43.1345578227	27
44.7579138317	28
46.3661451247	29
47.9497959177	30
49.5181859407	31
51.1214965977	32
52.7364625847	33
54.3019047617	34
55.9068480717	35
57.4779591837	36
59.0459410427	37
60.6539002267	38
62.1821315187	39
63.7375510197	40
65.3499319727	41
66.9349433097	42
68.5179365077	43
70.0699546477	44
71.6621315187	45
73.1492517007	46
74.7231292517	47
76.2730612237	48
77.8414965977	49
79.4469387747	50
81.0284353737	51
82.6360544217	52
84.2425850337	53
85.8240816317	54
87.4262585027	55
89.0197278907	56
90.6153741487	57
92.2601133787	58
93.8302494327	59
95.4227891147	60
97.0121088427	61
98.6221768707	62
100.214195011	63
101.792517007	64
103.452380952	65
105.086349206	66
106.716598639	67
108.357981859	68
109.959047619	69
111.576462585	70
113.215646258	71
114.835238095	72
116.422176871	73
118.030884354	74
119.66462585	75
121.26462585	76
122.901927437	77
124.515986394	78
126.101632653	79
127.711791383	80
129.341904762	81
130.94201814	82
132.565986394	83
134.138639456	84
135.950249433	85
137.769659864	86
139.589523809	87
141.414081632	88
143.229251701	89
145.01399093	90
146.885986394	91
148.668163265	92
150.486938775	93
152.294240363	94
154.087482993	95
155.901904762	96
157.715600907	97
159.49047619	98
161.272244898	99
163.061950113	100
164.854195011	101
166.646031746	102
168.437868481	103
170.262675737	104
172.06185941	105
173.862131519	106
175.661882086	107
177.51170068	108
179.142040816	109
180.733922902	110
182.276870748	111
183.858367347	112
185.465986394	113
187.068163265	114
188.630068027	115
190.200680272	116
191.782154195	117
193.352789115	118
195.036598639	119
196.741088435	120
198.445941043	121
200.126122449	122
201.821904762	123
203.524217687	124
205.230952381	125
206.883129252	126
208.52122449	127
210.134580499	128
211.759319728	129
213.375646258	130
