1.02106575938	0
2.46723355938	1
3.88219954638	2
5.33210884338	3
6.76800453438	4
8.21272108838	5
9.64365079338	6
11.0745804984	7
12.5239909294	8
13.9721088434	9
15.4537188204	10
16.8236961444	11
18.2763945574	12
19.7559637184	13
21.1890476184	14
22.6446485254	15
24.0748526074	16
25.5202947844	17
26.9613832194	18
28.4040816324	19
29.8522675734	20
31.3000907024	21
32.7344444444	22
34.2010884344	23
35.6224263034	24
37.0802040814	25
38.5546712014	26
40.0371201814	27
41.5101360544	28
42.1914965984	29
43.6601587294	30
45.1339002264	31
46.5916780044	32
48.0407482984	33
49.4883673464	34
50.9533786844	35
52.4256916094	36
53.8646031744	37
55.3332653054	38
56.8251473914	39
58.3046938774	40
59.7951473914	41
60.4989795914	42
61.9603854874	43
63.4355782304	44
64.8971655324	45
66.3451473914	46
67.8089115644	47
69.3007936504	48
70.7611337864	49
72.0530838994	50
73.5630158724	51
75.0099999994	52
76.4844671194	53
77.9375963714	54
79.4091383214	55
80.8461904754	56
82.3329931964	57
83.8067346934	58
85.3056462584	59
86.7912244894	60
88.2577097504	61
89.7459637184	62
91.2247845804	63
92.6600680264	64
94.1135600904	65
95.5270068024	66
96.9934467114	67
98.4403854874	68
99.9032426304	69
101.360294784	70
102.811541949	71
104.266417233	72
105.727823128	73
107.157301586	74
108.625238094	75
110.101882085	76
111.590136054	77
113.045011337	78
113.743786847	79
115.227687074	80
116.673151927	81
118.138163264	82
119.593106575	83
120.994217686	84
122.433854874	85
123.859705215	86
125.401247165	87
