0.859682539127	0
2.40507936413	1
3.84616780013	2
5.39501133713	3
6.92716553213	4
8.45786848013	5
10.0151927431	6
11.5544671201	7
13.1141043081	8
14.6129705211	9
16.0951700671	10
17.5832879811	11
19.0624943301	12
20.5525623581	13
22.0317460311	14
23.5229024941	15
25.0946031741	16
26.6086167791	17
28.0888888881	18
29.5713378681	19
31.0635827661	20
32.5569160991	21
34.0600453511	22
35.6230385481	23
37.1392290241	24
38.6597732421	25
40.2071655321	26
41.7512471651	27
43.3030385481	28
44.7767800451	29
46.2918820861	30
47.7946712011	31
49.2807256231	32
50.7675283441	33
52.2238548751	34
53.7454875281	35
55.2192290241	36
56.6719047611	37
58.1514739221	38
59.6230385481	39
61.1109297051	40
62.5639909291	41
64.0333786841	42
65.5114739221	43
66.9852607701	44
68.4894331061	45
69.9517687071	46
71.4336507931	47
72.9095691601	48
74.3839455781	49
75.8243990921	50
77.2970521541	51
78.7609977321	52
80.2488888881	53
81.7193650791	54
83.1898412691	55
84.6962358271	56
86.1995238091	57
87.6968253961	58
89.2578684801	59
90.8143310651	60
92.3087528341	61
93.8739229021	62
95.3991609971	63
96.9356916091	64
98.4148752831	65
99.9234467111	66
101.431519274	67
102.915555555	68
104.404535147	69
105.919637188	70
107.477188208	71
108.989024943	72
110.612698412	73

