4.94696145096	0
7.54106575896	1
10.731995464	2
13.048594104	3
15.461247165	4
17.632675736	5
19.680748299	6
21.685283446	7
23.602743764	8
25.48755102	9
27.336077097	10
29.208299319	11
31.094807256	12
32.960498866	13
34.777346938	14
36.649229024	15
38.456258503	16
40.266689342	17
42.075306122	18
43.92063492	19
45.928321995	20
47.530181405	21
49.289818594	22
51.032653061	23
52.803650793	24
54.564376417	25
56.324739229	26
58.068049886	27
59.744217687	28
61.472244897	29
63.307052154	30
65.056235827	31
66.833378684	32
68.536190476	33
70.369183673	34
72.132448979	35
73.895714285	36
75.664421768	37
77.38430839	38
79.109319727	39
80.950589569	40
82.741065759	41
84.573265306	42
86.336530612	43
88.243106576	44
89.984603174	45
91.820430839	46
93.584580498	47
95.354217687	48
97.089478458	49
98.882562358	50
100.633129251	51
102.338344671	52
104.104489795	53
105.812267573	54
107.526553288	55
109.166462585	56
110.949682539	57
112.838117913	58
114.53063492	59
116.297528344	60
118.167823129	61
119.9123356	62
121.688911564	63
123.408639455	64
125.110226757	65
126.800566893	66
128.505079365	67
130.298435374	68
132.056349206	69
133.78324263	70
135.680748299	71
137.50446712	72
139.352403628	73
141.224217687	74
142.98430839	75
144.80909297	76
146.597755102	77
148.455351473	78
150.267596371	79
152.036303854	80
153.745147392	81
155.439478458	82
157.208185941	83
159.020430839	84
160.752312925	85
162.550589569	86
164.336258503	87
166.107959183	88
167.880544217	89
169.685283446	90
171.443106576	91
173.216213151	92
174.960226757	93
176.751043083	94
178.470770975	95
180.228594104	96
182.113877551	97
183.896258503	98
185.62462585	99
187.52170068	100
189.384149659	101
191.192766439	102
193.000544217	103
194.824195011	104
196.608321995	105
198.508866213	106
200.275759637	107
202.008526077	108
203.808253968	109
205.520340136	110
207.240204081	111
208.975986394	112
210.681814058	113
212.448095238	114
214.128526077	115
216.005464852	116
217.776258503	117
219.672675736	118
221.451269841	119
223.180068027	120
224.954217687	121
226.632222222	122
228.384285714	123
230.020884353	124
231.822244897	125
233.536258503	126
235.280521541	127
237.08861678	128
238.960566893	129
240.672562358	130
242.441746031	131
244.249977324	132
245.997301587	133
247.795034013	134
249.488548752	135
251.272879818	136
252.936349206	137
254.507052154	138
256.424603174	139
258.222244897	140
259.920294784	141
261.592766439	142
263.31430839	143
265.032222222	144
266.761020408	145
268.424512471	146
270.106145124	147
271.80047619	148
273.482108843	149
275.169183673	150
276.936077097	151
278.735623582	152
280.437210884	153
282.200362811	154
283.984331065	155
285.6961678	156
287.444716553	157
289.177346938	158
291.00047619	159
292.934263038	160
294.731972789	161
296.609546485	162
298.448843537	163
300.471678004	164
302.232539682	165
304.039931972	166
305.792834467	167
307.588231292	168
309.320589569	169
311.090068027	170
312.928571428	171
314.693900226	172
316.376938775	173
318.12095238	174
319.97462585	175
321.56063492	176
323.359659863	177
325.271678004	178
327.096598639	179
328.808798185	180
330.496553288	181
332.273174603	182
334.088888888	183
335.767823129	184
337.47201814	185
339.27802721	186
341.091564625	187
342.84446712	188
344.61861678	189
346.328526077	190
348.161995464	191
349.840544217	192
351.600022675	193
353.280907029	194
355.017301587	195
356.709319727	196
358.436303854	197
360.154217687	198
362.018208616	199
363.840498866	200
365.85217687	201
367.766689342	202
370.387324263	203
375.604557823	204
379.245374149	205
381.204557823	206
383.299795918	207
385.346054421	208
386.996848072	209
389.455986394	210
391.045827664	211
393.310498866	212
395.83494331	213
399.392312925	214
403.991678004	215
407.776530612	216
