0.916598639254	1
3.48975056625	2
6.09777777725	3
8.62204081625	4
11.2041269833	5
13.8000453513	6
16.3596825393	7
18.9711111103	8
21.6186394553	9
24.1256689333	10
26.5855328793	11
28.9351700673	12
31.4889342403	13
34.0421088433	14
36.5830158723	15
39.1642176863	16
41.7466893423	17
44.1992063483	18
46.7143310653	19
49.1793877543	20
51.6884807253	21
54.2073469383	22
56.8071428563	23
59.3687981853	24
61.9751700673	25
64.4739682533	26
66.9429024943	27
69.4870975053	28
72.0215646253	29
74.5430385483	30
77.0998185933	31
79.6630838993	32
82.2631746023	33
84.8310884353	34
87.4073015873	35
89.9669387753	36
92.5356462583	37
95.1431746023	38
97.6951473923	39
100.292562358	40
102.926575963	41
105.468072562	42
108.051292516	43
110.458548752	44
112.980090702	45
115.521587301	46
118.142902494	47
120.68802721	48
123.133378684	49
125.727482992	50
