1.17598639451	0
2.44158730151	1
3.68077097451	2
4.95995464851	3
6.19832199451	4
7.47993197251	5
8.71832199451	6
10.0193650785	7
11.2081179135	8
12.4546485255	9
13.7289342395	10
14.9762811785	11
16.2636281175	12
17.5256689335	13
18.7599999995	14
20.0717913825	15
21.3281179135	16
22.5919954645	17
23.8480272105	18
25.1207709745	19
26.3762811785	20
27.6399546485	21
28.8473015865	22
30.1109750565	23
31.2824036275	24
32.5387301585	25
33.8138321995	26
35.0775056685	27
36.3485260765	28
37.6219954645	29
38.8636281175	30
40.1150566885	31
41.3697505665	32
42.6513832195	33
43.8913832195	34
45.1877097505	35
46.4644444435	36
47.7692743755	37
48.9534240355	38
50.2479365075	39
51.4791383215	40
52.7452607705	41
54.0366893415	42
55.2905668925	43
56.5934240355	44
57.8579138315	45
59.1264852605	46
60.4048526075	47
61.6717913825	48
62.9387301585	49
64.2130158725	50
65.4530158725	51
66.7150566885	52
67.9656689335	53
69.2089342395	54
70.4889342395	55
71.6456689335	56
72.9256689335	57
74.1885260765	58
75.4448526075	59
76.7077097505	60
77.9877097505	61
79.2464852605	62
80.5199546485	63
81.7738321995	64
83.0570975055	65
84.3068934235	66
85.5885260765	67
86.8693424035	68
88.1759863945	69
89.3770975055	70
90.6799773235	71
91.9452607705	72
93.2479591835	73
94.4938321995	74
95.7289342395	75
97.0211791375	76
98.2391383215	77
99.5109750565	78
100.795873016	79
102.09600907	80
103.376281179	81
104.656893424	82
105.937097506	83
107.238321995	84
108.51260771	85
109.807301587	86
111.089750567	87
112.284852608	88
113.547709751	89
114.810566893	90
116.081587302	91
117.336281179	92
118.609433107	93
119.870975057	94
121.126485261	95
122.381179138	96
123.661179138	97
124.932199546	98
126.185260771	99
127.477505669	100
128.756689342	101
129.99260771	102
131.286485261	103
132.541179138	104
133.837188209	105
135.191768707	106
