0.479115646259	0
2.63095238026	1
4.75993197226	2
6.89587301526	3
9.01603174526	4
11.1321768703	5
13.2660544213	6
15.4037414963	7
17.5280045343	8
19.6565532873	9
21.7623809523	10
23.8695918363	11
25.9935827663	12
28.1101360543	13
30.2639002263	14
32.3702721083	15
34.4829251693	16
36.6558956913	17
38.8095011333	18
40.9042176863	19
43.0445578223	20
45.1746258503	21
47.3166666663	22
49.4184353733	23
51.5408843533	24
53.6959863943	25
55.8151700673	26
57.9506802713	27
60.0479591833	28
62.1840816323	29
64.3104081633	30
66.4382993193	31
68.5640136053	32
70.6984353733	33
72.8361224483	34
74.9531292513	35
77.0560544213	36
79.1871428563	37
81.3378911563	38
83.4721768703	39
85.5919954643	40
87.7030612243	41
89.8374829923	42
91.9610204073	43
94.0627891153	44
96.2168027203	45
98.3686394553	46
100.491088435	47
102.636394557	48
104.791950113	49
106.903061224	50
109.035306122	51
111.142517006	52
113.275850339	53
115.440453514	54
117.624013605	55
119.708503401	56
121.874489795	57
124.023061224	58
126.183922902	59
128.352063491	60
130.489115646	61
132.65696145	62
134.757210884	63
136.898163265	64
139.055442176	65
141.213809523	66
143.354761904	67
145.48265306	68
147.66170068	69
149.783968253	70
151.935963718	71
154.024693877	72
156.20047619	73
158.332721088	74
160.475850339	75
162.601564625	76
164.743605441	77
166.87802721	78
168.987414965	79
171.097891156	80
173.259523809	81
175.444988661	82
177.570816326	83
179.719387754	84
181.891904761	85
184.001292516	86
186.152040816	87
188.226598639	88
190.371904761	89
192.540068026	90
194.653809523	91
196.733809523	92
198.879999999	93
201.041836734	94
203.126190475	95
205.255941042	96
207.401564625	97
209.540340135	98
211.691088435	99
213.780884353	100
215.927278911	101
218.062789115	102
220.208231292	103
222.343605441	104
224.47802721	105
226.615804988	106
228.783922902	107
230.89217687	108
233.063922902	109
235.216530611	110
237.352517006	111
239.460340135	112
241.614353741	113
243.737891156	114
245.872312924	115
247.991950113	116
250.137891156	117
252.272108843	118
254.439977324	119
256.536031745	120
258.662517006	121
260.792040816	122
262.937891156	123
265.087891156	124
267.200022675	125
269.321564625	126
271.441156462	127
273.567981859	128
275.711904761	129
277.850544217	130
279.990022675	131
282.125918367	132
284.286462584	133
286.389319727	134
288.560408163	135
290.628775509	136
292.752086167	137
294.913945577	138
297.049795918	139
299.121836734	140
301.272040816	141
303.366734693	142
305.479387754	143
307.563741496	144
309.689455782	145
311.830408163	146
313.906054421	147
316.031972788	148
318.15201814	149
320.240521541	150
322.378435373	151
324.50648526	152
326.619818593	153
328.724013605	154
330.842108843	155
332.952290249	156
335.088390022	157
337.2192517	158
339.335963718	159
341.469591836	160
343.589863945	161
345.705079364	162
347.850702947	163
349.910408163	164
352.06632653	165
354.1792517	166
356.295918367	167
358.408140589	168
