1.28426303853	1
4.51963718753	2
7.73052154153	3
10.9872108835	4
14.1191836725	5
17.3042176865	6
20.4536961445	7
23.6136961445	8
26.8136961445	9
30.0708390015	10
33.3167346935	11
36.5565532875	12
39.7815873015	13
42.9875736955	14
46.1818594095	15
49.4185941035	16
52.5173696135	17
55.5949206345	18
58.8226757365	19
62.0708390015	20
65.3173696135	21
68.4912471655	22
71.7327891155	23
75.0047845795	24
78.2448526075	25
81.5009070285	26
84.6920634915	27
86.3214512465	28
89.5426757365	29
92.7939909295	30
96.0447165525	31
99.3124716545	32
102.522267574	33
105.693696145	34
108.917369614	35
112.182675737	36
115.455328798	37
118.635736961	38
121.817777778	39
125.0969161	40
128.382675737	41
131.650566893	42
134.89739229	43
138.110839002	44
141.375328798	45
144.661043084	46
147.958185941	47
151.241133787	48
152.90675737	49
156.200634921	50
159.513287982	51
162.839818594	52
166.127165533	53
169.434920635	54
172.739410431	55
176.028390023	56
179.22430839	57
182.54185941	58
185.757777778	59
189.0430839	60
192.373696145	61
195.672063492	62
198.991882086	63
202.229206349	64
205.562267574	65
208.899410431	66
212.225124717	67
215.409614512	68
218.730430839	69
222.057777778	70
225.396553288	71
228.657777778	72
231.990839002	73
235.305124717	74
238.675736961	75
241.886349206	76
245.172879819	77
248.5230839	78
251.840634921	79
255.018594104	80
258.274920635	81
261.561451247	82
264.80553288	83
267.94675737	84
271.166349206	85
274.414512472	86
277.658594104	87
280.859410431	88
284.082267574	89
287.336145125	90
290.596553288	91
293.759002268	92
297.021043084	93
300.274920635	94
303.515736961	95
306.635736961	96
309.850430839	97
313.10675737	98
316.371247166	99
319.536145125	100
322.740226757	101
325.98675737	102
329.215941043	103
332.353287982	104
335.533696145	105
338.74675737	106
341.98185941	107
345.128798186	108
348.307210884	109
351.523900227	110
354.737777778	111
357.905941043	112
361.107573696	113
364.3230839	114
367.531247166	115
370.696961451	116
373.9230839	117
377.157369614	118
380.407981859	119
383.550839002	120
386.723197279	121
389.955736961	122
393.143492063	123
396.24553288	124
399.395306122	125
402.555238095	126
405.745124717	127
408.859229025	128
412.055328798	129
415.339183673	130
418.595736961	131
421.907210884	132
