0.389795918	0
2.571428571	1
4.777551020	2
6.931632653	3
9.096938775	4
11.240816326	5
13.369387755	6
15.475510204	7
17.573469387	8
19.680612244	9
21.768367346	10
23.863265306	11
25.948979591	12
28.042857142	13
30.103061224	14
32.189795918	15
34.242857142	16
36.302040816	17
38.381632653	18
40.420408163	19
42.476530612	20
44.511224489	21
46.528571428	22
48.532653061	23
50.563265306	24
52.581632653	25
54.578571428	26
56.595918367	27
58.613265306	28
60.574489795	29
62.544897959	30
64.538775510	31
66.508163265	32
68.510204081	33
70.487755102	34
72.503061224	35
74.508163265	36
76.495918367	37
78.494897959	38
80.473469387	39
82.476530612	40
84.483673469	41
86.461224489	42
88.451020408	43
90.440816326	44
92.417346938	45
94.428571428	46
96.419387755	47
98.365306122	48
100.373469387	49
102.314285714	50
104.301020408	51
106.265306122	52
108.197959183	53
110.148979591	54
112.100000000	55
114.038775510	56
116.013265306	57
117.990816326	58
119.952040816	59
121.893877551	60
123.846938775	61
125.784693877	62
127.745918367	63
129.639795918	64
131.593877551	65
133.534693877	66
135.489795918	67
137.417346938	68
139.356122448	69
141.279591836	70
143.204081632	71
145.143877551	72
147.085714285	73
149.023469387	74
150.986734693	75
152.910204081	76
154.877551020	77
156.744897959	78
158.690816326	79
160.601020408	80
162.553061224	81
164.478730158	82
166.391836734	83
168.327551020	84
170.232653061	85
172.135714285	86
174.021428571	87
175.975804988	88
