0.437732425406	0
2.48741496541	1
4.47854875241	2
6.49283446641	3
8.45310657541	4
10.4819501124	5
12.4541950104	6
14.4511111104	7
16.3986848064	8
18.4231746024	9
20.4113832194	10
22.4068480724	11
24.3863492054	12
26.4006802714	13
28.3917913824	14
30.3814512464	15
32.3478911564	16
34.3680272104	17
36.3562358274	18
38.3531519274	19
40.3544217684	20
42.3426303854	21
44.3264852604	22
46.3190476184	23
48.2825850334	24
50.3143310654	25
52.3054421764	26
54.3081632644	27
56.2905668934	28
58.2903854874	29
60.2626303854	30
62.2956235824	31
64.2419501124	32
66.2475736954	33
68.2285260764	34
70.2297959174	35
72.2165532874	36
74.2149206344	37
76.2031292514	38
78.2160090694	39
80.1693877544	40
82.2025850334	41
84.1965986394	42
86.1760997724	43
88.1512471654	44
90.1554195004	45
92.1392743764	46
94.1434467114	47
96.1127891154	48
98.1227664394	49
100.116780044	50
102.113696144	51
104.120770974	52
106.104625849	53
108.088480725	54
110.081043083	55
112.034421768	56
114.070521541	57
116.061632652	58
118.045487527	59
120.04095238	60
122.033514738	61
124.028979591	62
126.071882085	63
128.014104307	64
130.006666666	65
131.990521541	66
133.981632652	67
135.972743763	68
137.967732425	69
139.951655328	70
141.948979591	71
143.927029478	72
145.947165532	73
147.938276643	74
149.925034013	75
151.905986394	76
153.902902493	77
155.894013605	78
157.883673468	79
159.871882085	80
161.871700679	81
163.86281179	82
165.851020407	83
167.837777777	84
169.828888888	85
171.822902493	86
173.812562357	87
175.77755102	88
177.816553287	89
179.807664398	90
181.78281179	91
183.765215419	92
185.772290249	93
187.750340135	94
189.742902493	95
191.725306122	96
193.745442176	97
195.736553287	98
197.729115645	99
199.714421768	100
201.704081632	101
203.699546484	102
205.713174602	103
207.686122448	104
209.680136054	105
211.659637187	106
213.653650793	107
215.640408162	108
217.641678004	109
219.622630385	110
221.623424035	111
223.581632652	112
225.607573695	113
227.598684806	114
229.5985034	115
231.57510204	116
233.580725623	117
235.574739228	118
237.561496598	119
239.540997732	120
241.54371882	121
243.537732425	122
245.536099772	123
247.529160997	124
249.519773242	125
251.497823128	126
253.494739228	127
255.437959183	128
257.474058956	129
259.455011337	130
261.463537414	131
263.438684806	132
265.4385034	133
267.41510204	134
269.478775509	135
271.445215419	136
273.424716552	137
275.404217686	138
277.405487527	139
279.393696144	140
281.39786848	141
283.377369614	142
285.375736961	143
287.359591836	144
289.343446711	145
291.340362811	146
293.343083899	147
295.335646258	148
297.33111111	149
299.306258502	150
301.295918366	151
303.287664398	152
305.347278911	153
307.280861677	154
309.274875283	155
311.254376416	156
313.246938775	157
315.278684806	158
