0.313129251231	0
3.60782312923	1
6.86006802623	2
10.0872789112	3
13.3156462582	4
16.6041043082	5
19.8272108842	6
23.0853741492	7
26.3615646252	8
29.6060090702	9
32.8669614512	10
36.1157142852	11
39.3837868472	12
42.6460090702	13
45.8879138312	14
49.1275283442	15
52.3387074822	16
55.5895011332	17
58.8301360542	18
62.0872789112	19
65.3304535142	20
68.5939455782	21
71.8485487522	22
75.1209297042	23
78.3730838992	24
81.6299319722	25
84.8720408162	26
88.1350566892	27
91.3990249432	28
94.6612244892	29
97.9221995462	30
101.173061224	31
104.438798185	32
107.719024943	33
110.993945578	34
114.249818593	35
117.459977324	36
120.733628117	37
124.005124716	38
127.253378684	39
130.510136054	40
133.772358276	41
137.032040816	42
140.285351473	43
143.564104308	44
146.821133786	45
150.052993197	46
153.320294784	47
156.573628117	48
159.830997732	49
163.100612244	50
166.352675736	51
169.613446711	52
172.879659863	53
176.107596371	54
179.39095238	55
182.628231292	56
185.917120181	57
189.178072562	58
192.411088435	59
195.653287981	60
198.938072562	61
202.20664399	62
205.44600907	63
208.723469387	64
211.972993197	65
215.242834466	66
218.469342403	67
221.759659863	68
224.974897958	69
228.235850339	70
231.499342403	71
234.742517006	72
238.000929704	73
241.219977324	74
244.493015872	75
247.752222221	76
251.007891156	77
254.273446711	78
257.518390022	79
260.809818593	80
264.047913831	81
267.279659863	82
270.543151927	83
273.79648526	84
277.049818593	85
280.317120181	86
283.559024943	87
286.783945578	88
290.073310657	89
293.330453514	90
296.550770974	91
299.814263038	92
303.063786847	93
306.342517006	94
309.604739228	95
312.823786847	96
316.131723355	97
319.341882085	98
322.638390022	99
325.881315192	100
329.172993197	101
332.423854875	102
335.674580498	103
338.883469387	104
342.188866212	105
345.481564625	106
348.724739228	107
351.960113378	108
355.213628117	109
358.46387755	110
361.704376417	111
364.905056689	112
368.225691609	113
371.472244897	114
374.736235827	115
377.99185941	116
381.240294784	117
384.492358276	118
387.785941042	119
391.054013605	120
