1.48820861668	1
2.90698412668	2
4.31188208568	3
5.71269841268	4
7.10453514668	5
8.50780045268	6
9.88984126968	7
11.2971882077	8
12.6767800447	9
14.0563718817	10
15.4286167797	11
16.6498412697	12
18.0416780037	13
19.4041269837	14
20.7518820857	15
22.1224943307	16
23.4514739227	17
24.7796371877	18
26.1388208617	19
27.4873922897	20
28.8612698407	21
30.1992290247	22
31.5567800447	23
32.7763718817	24
34.1380045347	25
35.5135147387	26
36.8841269837	27
38.2416780037	28
39.5698412697	29
40.9102494327	30
42.2433106567	31
43.6024943307	32
44.9355555547	33
46.2726984127	34
47.6424943307	35
48.8588208617	36
50.1959637187	37
51.5918820857	38
52.9469841267	39
54.2555555547	40
55.6326984127	41
56.9298412697	42
58.3167800447	43
59.5984126977	44
60.9616780037	45
62.2849433097	46
63.6286167797	47
64.9086167797	48
66.2384126977	49
67.5853514737	50
68.9355555547	51
70.2849433097	52
71.6082086167	53
72.9126984127	54
74.2645351467	55
75.6073922897	56
76.9478004527	57
78.2686167797	58
79.6163718817	59
80.8367800447	60
82.2188208617	61
83.5526984127	62
84.8792290247	63
86.2245351467	64
87.5461677997	65
88.8702494327	66
90.2458730157	67
91.5788208617	68
92.9045351467	69
94.2424943307	70
95.5543310657	71
96.8841269837	72
98.2269841267	73
99.5453514737	74
100.879229025	75
102.223718821	76
103.557596372	77
104.888208617	78
106.20739229	79
107.544535147	80
108.873514739	81
110.185351474	82
111.504535147	83
112.707800453	84
114.062086168	85
115.413106576	86
116.758412698	87
118.116780045	88
119.453106576	89
120.774739229	90
122.105351474	91
123.453922902	92
124.766575964	93
126.146621315	94
127.478208617	95
128.712698413	96
130.088027211	97
