0.313265306	0
1.817346938	1
3.321428571	2
4.807142857	3
6.290816326	4
7.809229024	5
9.298979591	6
10.803061224	7
12.334693877	8
13.923469387	9
15.465306122	10
17.022448979	11
18.574965986	12
20.109183673	13
21.654081632	14
23.175510204	15
24.742857142	16
26.309183673	17
27.885736961	18
29.422448979	19
30.981632653	20
32.516326530	21
34.109183673	22
35.654081632	23
37.201020408	24
38.736734693	25
40.239795918	26
41.817346938	27
43.353061224	28
44.882653061	29
46.461133786	30
47.966326530	31
49.458163265	32
51.043877551	33
52.612244897	34
54.159183673	35
55.672448979	36
57.211224489	37
58.764285714	38
60.335714285	39
61.879591836	40
63.439070294	41
64.970408163	42
66.530294784	43
68.094852607	44
69.608163265	45
71.165306122	46
72.685714285	47
74.227551020	48
75.761224489	49
77.292857142	50
78.827551020	51
80.400000000	52
81.945918367	53
83.502947845	54
85.060204081	55
86.592857142	56
88.107142857	57
89.680589569	58
91.207142857	59
92.766984126	60
94.302834467	61
95.841836734	62
97.371428571	63
98.912244897	64
100.445918367	65
102.023469387	66
103.543877551	67
105.075510204	68
106.577551020	69
108.103061224	70
109.628571428	71
111.157142857	72
112.657142857	73
114.165306122	74
115.671428571	75
117.201020408	76
118.671428571	77
120.168367346	78
121.676530612	79
123.158163265	80
124.669387755	81
126.151020408	82
127.637755102	83
129.129591836	84
130.613265306	85
132.108163265	86
133.591836734	87
135.053061224	88
136.561224489	89
138.057142857	90
139.559183673	91
141.058163265	92
142.560204081	93
144.070816326	94
145.575510204	95
147.127074829	96
148.721428571	97
150.310204081	98
151.934829931	99
153.513265306	100
155.059183673	101
156.595918367	102
158.114285714	103
159.640816326	104
161.218367346	105
162.774807256	106
164.272448979	107
165.846780045	108
167.374852607	109
168.918820861	110
170.416326530	111
171.971428571	112
173.497959183	113
175.028571428	114
176.551020408	115
178.061224489	116
179.571428571	117
181.068367346	118
182.558163265	119
184.062244897	120
185.558163265	121
187.063265306	122
188.535714285	123
190.083083900	124
191.531632653	125
193.037755102	126
194.535714285	127
196.022448979	128
197.525510204	129
199.041473922	130
200.558956916	131
202.064285714	132
203.572448979	133
205.067346938	134
206.556122448	135
208.041836734	136
209.561224489	137
211.041836734	138
212.562244897	139
214.027551020	140
215.531632653	141
217.014285714	142
218.503061224	143
219.996938775	144
221.478571428	145
222.947959183	146
224.440816326	147
225.950839002	148
227.423469387	149
228.926530612	150
230.434693877	151
231.946689342	152
233.441133786	153
234.910204081	154
236.406122448	155
237.910204081	156
239.381632653	157
240.892857142	158
242.403061224	159
243.914285714	160
245.459183673	161
247.062811791	162
248.630816326	163
250.206099773	164
251.767346938	165
253.342811791	166
254.983129251	167
256.734988662	168
258.526802721	169
260.462834467	170
262.942811791	171
