0.422448979	0
4.583673469	1
8.782653061	2
13.158163265	3
17.690816326	4
21.882653061	5
25.909183673	6
30.229591836	7
38.187755102	8
42.178571428	9
46.171428571	10
50.161224489	11
54.154081632	12
58.146938775	13
62.138775510	14
66.131632653	15
70.119387755	16
74.110204081	17
78.102040816	18
82.101995464	19
86.093922902	20
90.085895691	21
94.077551020	22
98.066780045	23
102.063265306	24
106.056122448	25
110.047959183	26
114.041836734	27
118.032653061	28
122.026530612	29
126.017346938	30
130.011224489	31
134.005827664	32
137.997959183	33
141.987755102	34
145.982086167	35
149.974489795	36
153.968367346	37
157.958163265	38
161.950045351	39
165.944897959	40
169.939795918	41
173.932653061	42
177.928367346	43
181.921428571	44
185.910000000	45
189.907142857	46
193.893877551	47
197.892857142	48
201.888775510	49
205.882970521	50
209.876530612	51
213.869387755	52
217.863265306	53
221.857142857	54
225.852040816	55
229.843877551	56
233.835714285	57
237.832653061	58
241.820612244	59
245.820408163	60
249.811224489	61
253.808163265	62
257.802040816	63
261.796938775	64
265.791836734	65
269.786734693	66
273.780612244	67
277.774489795	68
281.769387755	69
285.764285714	70
289.757142857	71
293.754081632	72
297.747959183	73
301.740816326	74
305.736734693	75
309.730612244	76
318.240770975	77
