1.96553287917	0
5.85124716517	1
9.71918367317	2
13.6531519272	3
17.5337868472	4
21.3839455782	5
25.1985487522	6
29.0299092962	7
32.8480725622	8
36.7668027202	9
40.6296598632	10
44.5458503392	11
48.4544217682	12
52.3807709742	13
56.2754421762	14
60.1979138322	15
64.0704761902	16
65.9909297052	17
69.9629931972	18
73.8258503392	19
77.7396371882	20
81.6429931972	21
85.5190702942	22
89.3961678002	23
93.3052154192	24
97.2519047612	25
101.160453514	26
105.0461678	27
108.891247165	28
112.779523809	29
116.665487528	30
120.611882086	31
124.569523809	32
128.439183673	33
132.337619047	34
136.225510203	35
140.147120181	36
143.999818593	37
147.928707482	38
151.832199546	39
155.7661678	40
159.585850339	41
163.453786847	42
167.321541949	43
171.161723355	44
174.913492063	45
178.748526076	46
182.537800453	47
186.448072562	48
190.289773242	49
194.145555555	50
197.993809523	51
201.858866212	52
205.75802721	53
209.633741496	54
213.481882086	55
217.353786847	56
221.211247165	57
225.105578231	58
229.0461678	59
232.841746031	60
236.743945578	61
240.577573695	62
244.429024943	63
248.335056689	64
252.220770974	65
256.078548752	66
259.929773242	67
263.778390022	68
267.6061678	69
271.451383219	70
275.334421768	71
279.161519274	72
283.019501133	73
286.900136054	74
290.755374149	75
294.569977324	76
298.425532879	77
302.203061224	78
306.03664399	79
309.881723355	80
313.624149659	81
317.549024943	82
322.267755101	83
326.650181405	84
