0.558163265	0
3.598208616	1
6.590816326	2
9.523469387	3
12.493877551	4
15.469387755	5
18.470408163	6
21.441836734	7
24.450000000	8
27.482653061	9
30.541904761	10
33.494149659	11
36.462244897	12
39.446938775	13
42.454104308	14
45.373945578	15
48.442857142	16
51.454172335	17
54.493877551	18
57.508163265	19
60.445895691	20
63.390816326	21
66.452040816	22
69.454081632	23
72.442857142	24
75.357142857	25
78.408163265	26
81.360204081	27
84.333673469	28
87.279591836	29
90.403061224	30
93.348979591	31
96.317346938	32
99.388775510	33
102.454081632	34
105.441836734	35
108.462244897	36
111.440816326	37
114.472448979	38
117.418798185	39
120.478163265	40
123.522448979	41
126.518140589	42
129.502879818	43
132.538775510	44
135.485714285	45
138.526167800	46
141.510068027	47
144.608163265	48
147.629886621	49
150.655102040	50
153.641836734	51
156.678140589	52
159.661904761	53
162.639795918	54
165.644897959	55
168.645941043	56
171.614285714	57
174.589795918	58
177.590000000	59
180.526530612	60
183.518117913	61
186.537755102	62
189.486145124	63
192.486122448	64
195.551292517	65
198.549909297	66
201.443877551	67
204.430136054	68
207.408163265	69
210.413265306	70
213.371428571	71
216.411224489	72
219.429591836	73
222.478571428	74
225.425510204	75
228.471428571	76
231.456122448	77
234.597936507	78
239.725963718	79
244.616326530	80
249.053922902	81
