0.253061224	0
1.747959183	1
3.268367346	2
4.821768707	3
6.413741496	4
8.053786848	5
9.685873015	6
11.301746031	7
12.925918367	8
14.553061224	9
16.165918367	10
17.773469387	11
19.421768707	12
20.230952380	13
21.847959183	14
23.485714285	15
25.125510204	16
26.752040816	17
28.377551020	18
29.998979591	19
31.625510204	20
33.247959183	21
34.869387755	22
35.672448979	23
37.277551020	24
38.896938775	25
40.502040816	26
42.114285714	27
43.731632653	28
45.345918367	29
46.970408163	30
48.583015873	31
50.191836734	32
51.798979591	33
53.417346938	34
55.028571428	35
56.656122448	36
57.462244897	37
59.072448979	38
60.697959183	39
62.296938775	40
63.917346938	41
65.536734693	42
67.152040816	43
68.772448979	44
70.382653061	45
72.014285714	46
73.639070294	47
75.267346938	48
76.896938775	49
78.512244897	50
80.114285714	51
81.754126984	52
83.508163265	53
85.150000000	54
86.755102040	55
88.362267573	56
89.166326530	57
90.773469387	58
92.378571428	59
93.984693877	60
95.603061224	61
97.223469387	62
98.824489795	63
100.434126984	64
102.041836734	65
103.666326530	66
104.475510204	67
106.075510204	68
107.686757369	69
109.281632653	70
110.897959183	71
112.517346938	72
114.126780045	73
115.768866213	74
117.366326530	75
118.990748299	76
120.593877551	77
122.244897959	78
123.860204081	79
125.470952380	80
126.271428571	81
127.889795918	82
129.510770975	83
131.134784580	84
133.030861678	85
