0.183673469	0
2.005102040	1
3.725510204	2
5.332653061	3
7.029591836	4
8.622448979	5
10.306122448	6
11.911224489	7
13.545918367	8
15.196802721	9
16.884807256	10
18.596802721	11
20.236553287	12
21.781632653	13
23.468367346	14
25.105102040	15
26.775510204	16
28.420385487	17
30.105102040	18
31.720408163	19
33.412244897	20
35.004784580	21
36.693900226	22
38.413673469	23
40.023424036	24
41.495918367	25
43.168367346	26
44.786190476	27
46.423469387	28
48.051020408	29
49.655102040	30
51.252403628	31
52.876666666	32
54.437755102	33
56.040816326	34
57.645918367	35
59.340476190	36
60.987936507	37
62.677551020	38
64.292358276	39
65.956643990	40
67.582653061	41
69.272154195	42
70.884399092	43
72.556689342	44
74.188412698	45
75.876394557	46
77.581655328	47
79.188866213	48
80.647959183	49
82.329591836	50
83.960204081	51
85.605102040	52
87.206122448	53
88.827551020	54
90.420408163	55
92.038775510	56
93.656190476	57
95.300498866	58
96.911224489	59
98.652811791	60
100.310204081	61
102.023197278	62
103.663265306	63
105.325510204	64
107.016326530	65
108.684376417	66
110.340680272	67
112.020498866	68
113.676848072	69
115.368752834	70
117.108548752	71
118.717777777	72
120.230612244	73
121.934693877	74
123.581632653	75
125.261224489	76
126.888775510	77
128.588662131	78
130.220408163	79
131.882653061	80
133.556394557	81
135.245011337	82
136.956417233	83
138.590816326	84
140.213378684	85
141.860408163	86
143.604444444	87
145.269092970	88
146.860476190	89
148.564467120	90
150.316575963	91
152.052879818	92
153.796621315	93
157.685714285	94
162.395918367	95
