0.984693877	0
3.117346938	1
5.236009070	2
7.348979591	3
9.438775510	4
11.548979591	5
13.622448979	6
15.740816326	7
17.836734693	8
19.908072562	9
21.965102040	10
24.039795918	11
26.105102040	12
28.140816326	13
30.188253968	14
32.238775510	15
34.284217687	16
36.332290249	17
38.373469387	18
40.433673469	19
42.468367346	20
44.506122448	21
46.540816326	22
48.575510204	23
50.612018140	24
52.659977324	25
54.723469387	26
56.768367346	27
58.814285714	28
60.863832199	29
62.894897959	30
64.938775510	31
66.987755102	32
69.026530612	33
71.055102040	34
73.113265306	35
75.173469387	36
77.211224489	37
79.273469387	38
81.330612244	39
83.373469387	40
85.404081632	41
87.448979591	42
89.508163265	43
91.567732426	44
93.616326530	45
95.644897959	46
97.689795918	47
99.732653061	48
101.774489795	49
103.814285714	50
105.879773242	51
107.913265306	52
109.941836734	53
111.950000000	54
113.985714285	55
116.028571428	56
118.080612244	57
120.124489795	58
122.175510204	59
124.217346938	60
126.253061224	61
128.278571428	62
130.321428571	63
132.391836734	64
134.418367346	65
136.454081632	66
138.488775510	67
140.511678004	68
142.547959183	69
144.584784580	70
146.615306122	71
148.645918367	72
150.672448979	73
152.703786848	74
154.730612244	75
156.774489795	76
158.815736961	77
160.894897959	78
162.935827664	79
164.981632653	80
167.025510204	81
169.061224489	82
171.098979591	83
173.140816326	84
175.175510204	85
177.216326530	86
179.247959183	87
181.295714285	88
183.328594104	89
185.374489795	90
187.415804988	91
189.442857142	92
191.457369614	93
193.479682539	94
