0.276530612	0
2.370408163	1
4.370408163	2
6.495918367	3
8.461224489	4
10.382653061	5
12.380612244	6
14.361224489	7
16.382653061	8
18.401020408	9
20.404081632	10
22.443877551	11
24.460204081	12
26.476099773	13
28.481632653	14
30.548979591	15
32.523469387	16
34.552040816	17
36.575510204	18
38.580612244	19
40.624489795	20
42.641836734	21
44.646938775	22
46.675510204	23
48.713265306	24
50.748095238	25
52.760204081	26
54.807142857	27
56.814285714	28
58.864285714	29
60.922448979	30
62.963265306	31
64.985714285	32
67.052040816	33
69.052040816	34
71.085714285	35
73.108163265	36
75.126530612	37
77.171428571	38
79.220294784	39
81.243877551	40
83.252063492	41
85.287755102	42
87.285714285	43
89.356122448	44
91.419387755	45
93.470408163	46
95.523469387	47
97.612244897	48
99.644058956	49
101.718367346	50
103.801179138	51
105.860566893	52
107.968435374	53
110.052244897	54
112.142222222	55
114.161632653	56
116.207891156	57
118.250521541	58
120.380272108	59
122.424308390	60
124.500045351	61
126.604081632	62
128.687891156	63
130.734875283	64
132.826122448	65
134.916099773	66
136.998458049	67
139.088979591	68
141.153378684	69
143.252607709	70
145.318458049	71
147.379954648	72
149.456689342	73
151.510204081	74
153.615238095	75
155.626666666	76
157.693242630	77
159.763446712	78
161.822766439	79
163.842176870	80
165.869569160	81
167.947029478	82
169.763265306	83
171.362834467	84
173.244081632	85
176.758163265	86
178.841836734	87
180.898843537	88
182.915306122	89
184.992222222	90
187.028571428	91
189.062244897	92
191.069387755	93
193.122879818	94
195.179705215	95
197.242925170	96
199.274988662	97
201.330884353	98
