2.568367346	0
4.049297052	1
5.567346938	2
7.049092970	3
8.513129251	4
9.993106575	5
11.458616780	6
12.969206349	7
14.465079365	8
15.937165532	9
17.466757369	10
18.921065759	11
20.393174603	12
21.897369614	13
23.385102040	14
24.865283446	15
26.369251700	16
27.859569160	17
29.353106575	18
30.841428571	19
32.337097505	20
33.849977324	21
35.361088435	22
36.801292517	23
38.337165532	24
39.793242630	25
41.290612244	26
42.769229024	27
44.209115646	28
45.697414965	29
47.177165532	30
48.665056689	31
50.137437641	32
51.617278911	33
53.129070294	34
54.619501133	35
56.089297052	36
57.617369614	37
59.129115646	38
60.642494331	39
62.137256235	40
63.670793650	41
65.137074829	42
66.657301587	43
68.169092970	44
69.713083900	45
71.193151927	46
72.681065759	47
74.217210884	48
75.721133786	49
77.241360544	50
78.758344671	51
80.281133786	52
81.761088435	53
83.210204081	54
84.734943310	55
86.209070294	56
87.697074829	57
89.217052154	58
90.722743764	59
92.209251700	60
93.721269841	61
95.116326530	62
96.608163265	63
98.113083900	64
99.625056689	65
101.111224489	66
102.601201814	67
104.119387755	68
105.602040816	69
107.110204081	70
108.647959183	71
110.133378684	72
111.626326530	73
113.153106575	74
114.617346938	75
116.125510204	76
117.641065759	77
118.986734693	78
120.498117913	79
122.017142857	80
123.497097505	81
125.009183673	82
126.553061224	83
128.041065759	84
129.561156462	85
131.081133786	86
132.583673469	87
134.047959183	88
135.569138321	89
137.073151927	90
138.585306122	91
140.098979591	92
141.577165532	93
143.073106575	94
144.537120181	95
146.049092970	96
147.577301587	97
149.076712018	98
150.561065759	99
152.033333333	100
153.553197278	101
155.084784580	102
156.577074829	103
158.089795918	104
159.601111111	105
161.105056689	106
162.585079365	107
164.081247165	108
165.585283446	109
167.094897959	110
168.643877551	111
170.251088435	112
