3.64866213106	0
6.01537414906	1
8.40403628106	2
10.8081179131	3
13.1542403621	4
15.5485260771	5
17.9436734691	6
20.3248526071	7
22.7142403621	8
25.0889342401	9
27.4554648521	10
29.8521995461	11
32.2505668931	12
34.6244444441	13
36.9983219951	14
39.3991383211	15
41.7730158721	16
44.1713832191	17
46.5338321991	18
48.9485260771	19
51.3109750561	20
53.7028117911	21
56.0832199541	22
58.4701587301	23
60.8644444441	24
63.2587301581	25
65.6268934231	26
68.0040362811	27
70.4219954641	28
72.8024036281	29
75.1901587301	30
77.5648526071	31
79.9477097501	32
82.3256689341	33
84.6970975051	34
87.0954648521	35
89.4979138321	36
91.8796371881	37
94.2680272101	38
96.6456689341	39
99.0326077091	40
101.409750566	41
103.797505668	42
106.207301587	43
108.576281179	44
110.937913832	45
113.346893423	46
115.728117913	47
118.109342403	48
120.479727891	49
122.882403628	50
125.269342403	51
127.659546485	52
130.017913832	53
132.420362811	54
134.804852607	55
137.188526077	56
139.581995464	57
141.975464852	58
144.352607709	59
146.740362811	60
149.124852607	61
151.509342403	62
153.919138321	63
156.284036281	64
158.684852607	65
161.062811791	66
163.453015872	67
165.815464852	68
168.215464852	69
170.591655328	70
172.978730158	71
175.357505668	72
177.748526077	73
180.140362811	74
182.527301587	75
184.913424036	76
187.298730158	77
189.66526077	78
192.073424036	79
194.451383219	80
196.861179138	81
199.224444444	82
201.607301587	83
203.98371882	84
206.389342403	85
208.758321995	86
211.156689342	87
213.546893423	88
215.935646258	89
218.303628117	90
220.679138321	91
223.055646258	92
225.452199546	93
227.848117913	94
230.222811791	95
232.610566893	96
234.995056689	97
237.369750566	98
239.760725623	99
242.14770975	100
244.527755101	101
246.929750566	102
249.280770975	103
251.680770975	104
254.090045351	105
256.462811791	106
258.864444444	107
261.224444444	108
263.594240362	109
