1.047959183	0
3.531632653	1
5.963265306	2
8.443877551	3
10.882653061	4
13.368367346	5
15.768185941	6
18.243877551	7
20.660204081	8
23.174489795	9
25.611224489	10
28.093877551	11
30.519387755	12
32.977551020	13
35.384149659	14
37.840090702	15
40.280136054	16
42.761315192	17
45.180612244	18
47.658163265	19
50.064285714	20
52.527551020	21
54.963265306	22
57.414285714	23
59.826530612	24
62.272607709	25
64.720408163	26
67.165306122	27
68.452426303	28
70.794897959	29
73.256122448	30
75.672448979	31
78.145918367	32
80.644444444	33
83.075510204	34
85.516462585	35
87.926530612	36
90.404761904	37
92.796417233	38
95.234693877	39
97.648979591	40
100.140453514	41
102.557142857	42
105.025102040	43
107.439795918	44
109.931632653	45
112.377551020	46
114.844467120	47
117.294897959	48
119.747823129	49
122.208163265	50
124.636734693	51
127.092517006	52
129.528571428	53
131.964376417	54
134.404081632	55
136.877551020	56
139.334693877	57
141.763265306	58
142.985714285	59
145.411224489	60
147.812244897	61
150.298979591	62
152.751020408	63
155.182653061	64
156.415306122	65
158.853061224	66
161.281768707	67
163.777800453	68
166.275102040	69
168.693877551	70
169.920408163	71
172.347959183	72
174.814376417	73
