1.32789115591	0
2.52335600891	1
3.70140589491	2
4.86349206291	3
6.04988662091	4
7.19637188191	5
8.35374149591	6
9.46938775491	7
10.6340136049	8
11.7678004529	9
12.9251700679	10
14.0553287979	11
15.1963718819	12
16.3356009069	13
17.4639455779	14
18.5287981859	15
19.6698412689	16
20.8217687069	17
21.9845804979	18
23.1219954639	19
24.2775510199	20
25.3931972789	21
26.5215419499	22
27.6535147389	23
28.7981859409	24
29.9229024939	25
31.0802721079	26
32.2249433099	27
33.3636507929	28
34.4997732419	29
35.5972789109	30
36.7328798179	31
37.8899092969	32
39.0259410429	33
40.1458956909	34
41.2752834459	35
42.4145124709	36
43.5120181399	37
44.6621315189	38
45.7814058949	39
46.9260770969	40
48.0290249429	41
49.1779818589	42
50.3338095229	43
51.4467120179	44
52.5641723349	45
53.6743764169	46
54.9006802719	47
55.9778911559	48
57.0900680269	49
58.2179818589	50
59.3458730149	51
60.4752834459	52
61.6259183669	53
62.7011337859	54
63.8385487519	55
64.9777777769	56
66.1006802719	57
67.2526077089	58
68.3845804979	59
69.5056689339	60
70.5941043079	61
71.7115646249	62
72.8740136049	63
73.9858730149	64
75.1149433099	65
76.2068027209	66
77.3939002259	67
78.5179138319	68
79.6861677999	69
80.7655328789	70
81.9230612239	71
83.0439909289	72
84.1782312919	73
85.2426303849	74
86.3860090699	75
87.4902494329	76
88.6730158729	77
89.7088435369	78
90.8821768699	79
92.0144671199	80
93.1379591829	81
94.2987301579	82
95.4339455779	83
96.5554421759	84
97.6587074829	85
98.7939002259	86
99.9147392289	87
101.042154195	88
102.185895691	89
103.331473922	90
104.465918367	91
105.604036281	92
106.713832199	93
107.831292517	94
108.930612244	95
110.073968254	96
111.226213152	97
112.29569161	98
113.418594104	99
114.571496598	100
115.658956916	101
116.792743764	102
117.866666666	103
119.038730158	104
120.143310657	105
121.271655328	106
122.4	107
123.53786848	108
124.682630385	109
125.826145124	110
126.913378684	111
128.045351474	112
129.170453514	113
130.306190476	114
131.437210884	115
132.542403628	116
133.683446712	117
134.826417233	118
135.940136054	119
137.063038548	120
138.185941043	121
139.299773242	122
140.444444444	123
141.561904761	124
142.673922902	125
143.833968254	126
144.966893424	127
146.057142857	128
147.192086167	129
148.308390022	130
149.424036281	131
150.559637188	132
151.6861678	133
152.81632653	134
