1.15968253927	1
2.95560090627	2
4.71160997727	3
6.48575963627	4
8.21328798127	5
10.0449433103	6
11.8060317453	7
13.5843764163	8
15.3597732423	9
17.1329478453	10
18.9124263033	11
20.6935374143	12
22.4509297043	13
24.2740589563	14
26.0841269833	15
27.8735147383	16
29.7205895683	17
31.5170521533	18
33.2993650793	19
35.1246712013	20
36.9410204073	21
38.7633106573	22
40.5429024943	23
42.3943310653	24
44.1771882083	25
46.0133786843	26
47.7995011333	27
49.6531065753	28
51.4740589563	29
53.3331065753	30
55.1986848063	31
57.0316099773	32
58.8438548753	33
60.7047619043	34
62.5227664393	35
64.3578684803	36
66.2053514733	37
68.0532199543	38
69.8990929703	39
71.6830385483	40
73.5377324263	41
75.3652154193	42
77.2529705213	43
79.0898412693	44
80.9409523803	45
82.7730385483	46
84.6214285713	47
86.3986848063	48
88.2533560083	49
90.0623582763	50
91.9126984123	51
93.7760997723	52
95.6692517003	53
97.4929478453	54
99.4049659863	55
101.192698412	56
103.072426303	57
104.933650793	58
106.809024943	59
108.668911564	60
110.518866212	61
112.358095237	62
114.137460317	63
116.020907029	64
117.847936507	65
119.700453514	66
121.55079365	67
123.386984126	68
125.224263038	69
127.069024943	70
128.843310657	71
130.638140589	72
132.526575963	73
134.37909297	74
136.218548752	75
138.124988661	76
140.132947845	77
142.133333333	78
