0.333673469	0
1.841836734	1
3.310204081	2
4.771428571	3
6.235714285	4
7.690816326	5
9.154081632	6
10.598979591	7
12.079591836	8
13.536734693	9
15.012244897	10
16.458163265	11
17.910204081	12
19.379591836	13
20.837755102	14
22.304081632	15
23.779591836	16
25.245918367	17
26.718843537	18
28.204081632	19
29.666326530	20
31.151020408	21
32.640816326	22
34.109183673	23
35.597959183	24
37.068367346	25
38.525510204	26
40.012244897	27
41.483673469	28
42.917346938	29
44.381632653	30
45.840816326	31
47.318367346	32
48.790816326	33
50.267346938	34
51.730612244	35
53.202040816	36
54.684693877	37
56.152040816	38
57.608163265	39
59.062244897	40
60.525510204	41
61.982653061	42
63.432653061	43
64.894897959	44
66.353061224	45
67.865306122	46
69.371428571	47
70.824489795	48
72.294897959	49
73.798639455	50
75.252040816	51
76.739795918	52
78.222448979	53
79.711224489	54
81.185714285	55
82.657142857	56
84.158752834	57
85.627551020	58
87.095918367	59
88.563265306	60
90.053061224	61
91.517346938	62
92.995918367	63
94.494693877	64
95.966666666	65
97.489795918	66
98.969387755	67
100.470929705	68
101.965306122	69
103.450000000	70
104.940816326	71
106.438775510	72
107.922448979	73
109.391836734	74
110.869387755	75
112.363265306	76
113.837755102	77
115.307142857	78
116.779591836	79
118.270408163	80
119.741836734	81
121.245918367	82
122.711224489	83
124.182653061	84
125.660204081	85
127.137755102	86
128.600000000	87
130.068367346	88
131.536734693	89
133.034693877	90
134.515306122	91
136.002040816	92
137.468367346	93
138.964285714	94
140.459183673	95
141.935714285	96
143.430702947	97
145.022970521	98
