1.038775510	0
2.694353741	1
4.294308390	2
5.884693877	3
7.481632653	4
9.072448979	5
10.716326530	6
12.340816326	7
13.982335600	8
15.588775510	9
17.166349206	10
18.762244897	11
20.354081632	12
21.954081632	13
23.544897959	14
25.167346938	15
26.764285714	16
28.319387755	17
29.924489795	18
31.518299319	19
33.150000000	20
34.774353741	21
36.389795918	22
38.011315192	23
39.621746031	24
41.254308390	25
42.862380952	26
44.431678004	27
46.086281179	28
47.670317460	29
49.302040816	30
50.926439909	31
52.571428571	32
54.158163265	33
55.742290249	34
57.346938775	35
58.988027210	36
60.604421768	37
62.215306122	38
63.804240362	39
65.425510204	40
67.017006802	41
68.646938775	42
70.267346938	43
71.895918367	44
73.525510204	45
75.151020408	46
76.795918367	47
78.421428571	48
80.062244897	49
81.660113378	50
83.301020408	51
84.926258503	52
86.530612244	53
88.132653061	54
89.780340136	55
91.378571428	56
92.982653061	57
94.596938775	58
96.172358276	59
97.782653061	60
99.397959183	61
101.000000000	62
102.669387755	63
104.257142857	64
105.838775510	65
107.492267573	66
109.100000000	67
110.733673469	68
112.339795918	69
113.969387755	70
115.604081632	71
117.204058956	72
118.796349206	73
120.420136054	74
122.054081632	75
123.652086167	76
125.277392290	77
126.878571428	78
128.492040816	79
130.124399092	80
131.754081632	81
133.350000000	82
134.953061224	83
136.563265306	84
138.232653061	85
139.795918367	86
141.463265306	87
143.038775510	88
144.656122448	89
146.276281179	90
147.868367346	91
149.484058956	92
151.110204081	93
152.737755102	94
154.356281179	95
156.012108843	96
157.656122448	97
159.739795918	98
162.079591836	99
164.420181405	100
