0.195918367	0
2.221655328	1
4.152040816	2
6.076530612	3
8.012494331	4
9.932585034	5
11.836802721	6
13.754081632	7
15.693083900	8
17.606122448	9
19.522131519	10
21.436643990	11
23.345918367	12
25.268390022	13
27.164603174	14
29.092585034	15
31.028367346	16
32.932380952	17
34.844421768	18
36.756530612	19
38.662721088	20
40.570589569	21
42.500408163	22
44.412403628	23
46.332380952	24
48.244557823	25
50.153061224	26
52.076394557	27
53.984693877	28
55.886303854	29
57.789795918	30
59.708367346	31
61.613968253	32
63.519387755	33
65.428571428	34
67.332380952	35
69.236417233	36
71.126009070	37
73.052380952	38
74.975510204	39
76.892380952	40
78.804399092	41
80.724399092	42
82.613968253	43
84.501065759	44
86.420408163	45
88.346938775	46
90.260544217	47
92.163265306	48
94.076598639	49
95.988390022	50
97.900385487	51
99.818367346	52
101.756417233	53
103.668548752	54
105.572426303	55
107.483673469	56
109.405941043	57
111.335918367	58
113.202040816	59
115.100657596	60
117.004376417	61
118.922176870	62
120.814285714	63
122.701927437	64
124.620589569	65
126.508412698	66
128.420362811	67
130.308367346	68
132.220362811	69
134.108367346	70
136.011224489	71
137.932426303	72
139.828616780	73
141.732403628	74
143.620657596	75
145.527551020	76
147.436417233	77
149.348934240	78
151.268367346	79
153.188390022	80
155.136734693	81
157.020566893	82
158.900521541	83
160.812448979	84
162.730612244	85
164.654240362	86
166.558027210	87
168.455102040	88
170.375510204	89
172.284376417	90
174.185714285	91
176.108412698	92
178.013378684	93
179.932448979	94
181.828412698	95
183.708344671	96
185.602040816	97
187.484557823	98
189.404421768	99
191.295918367	100
193.180362811	101
195.131632653	102
197.060385487	103
198.956394557	104
200.851020408	105
202.746938775	106
204.656099773	107
206.544104308	108
208.470408163	109
210.384285714	110
212.272086167	111
214.188775510	112
216.088321995	113
218.016371882	114
219.888276643	115
221.784331065	116
223.690476190	117
225.584172335	118
227.496077097	119
229.393696145	120
231.269387755	121
233.139795918	122
235.046938775	123
236.920113378	124
238.821428571	125
240.713990929	126
242.601020408	127
244.482789115	128
246.368095238	129
248.272131519	130
250.168072562	131
252.064104308	132
253.952086167	133
255.856077097	134
257.763265306	135
259.640090702	136
261.536099773	137
263.416258503	138
265.328344671	139
267.184126984	140
269.109183673	141
271.015011337	142
