1.11149659864	0
4.43269841264	1
7.65879818564	2
10.8359410426	3
14.0054648516	4
17.1597278906	5
20.3292743756	6
23.4810204076	7
26.6149886616	8
29.7489569156	9
32.9667346936	10
36.1311791376	11
39.3273242626	12
42.4803854866	13
45.6712925166	14
48.9134013596	15
52.1845124716	16
55.3743537406	17
58.5756462576	18
61.7352607706	19
64.9337188206	20
68.1037414956	21
71.2600680266	22
74.3519501126	23
77.5192517006	24
80.6952834466	25
83.8365759636	26
86.9847165526	27
90.3000680266	28
93.4873696136	29
96.6423809516	30
99.7788888886	31
102.925192744	32
106.059886621	33
109.214897959	34
112.335827664	35
115.539433106	36
118.673741496	37
121.827687075	38
125.01462585	39
128.187052154	40
131.336780045	41
134.456439909	42
137.554852608	43
140.687414966	44
143.872131519	45
147.044557823	46
150.191179138	47
153.483741496	48
156.663424036	49
159.831360544	50
163.008276644	51
166.151678004	52
169.308140589	53
172.495079365	54
176.015804989	55
179.535510204	56
