0.273015872388	0
3.43092970439	1
6.58811791339	2
9.73006802639	3
12.8458956914	4
15.9152834464	5
19.0020861674	6
22.0743764164	7
25.1299773234	8
28.2022675734	9
31.3021315184	10
34.3911111104	11
37.5011337864	12
40.5545578224	13
43.5949206344	14
46.6389115644	15
49.6640362804	16
52.7493877544	17
55.8448979584	18
58.9425850334	19
62.0018140584	20
65.0109750564	21
68.0179591834	22
71.1214512464	23
74.2263945574	24
77.3044897954	25
80.3673469384	26
83.3982766434	27
86.4487981854	28
89.5660770974	29
92.6855328794	30
95.7948299314	31
98.9012244894	32
102.022857142	33
105.14956916	34
108.258866212	35
111.345668933	36
114.375147391	37
117.432199546	38
120.502312924	39
123.554285713	40
126.623673469	41
129.703219954	42
132.768979591	43
135.80281179	44
138.807619047	45
141.800090702	46
144.872380951	47
147.917823128	48
150.9785034	49
154.031927437	50
157.036009069	51
160.051700679	52
163.171156462	53
166.253605441	54
169.320816326	55
172.370612244	56
175.4523356	57
178.523900226	58
181.58095238	59
184.641632652	60
187.702312924	61
190.75356009	62
193.821496598	63
196.856054421	64
199.923990929	65
203.000068026	66
206.059863945	67
209.097324262	68
212.107936507	69
215.088072561	70
218.131337868	71
221.197097505	72
224.256462584	73
227.258956915	74
230.216598639	75
233.192380951	76
236.184126983	77
239.154104308	78
242.198820861	79
245.272562357	80
248.307845804	81
251.348208616	82
254.477324262	83
