0.506916099	0
2.921496598	1
5.097369614	2
7.473401360	3
9.719433106	4
12.069365079	5
14.401882086	6
16.724603174	7
19.024467120	8
21.360249433	9
23.673424036	10
26.017437641	11
28.314263038	12
30.662018140	13
32.996712018	14
35.289410430	15
37.585691609	16
39.928956916	17
42.212494331	18
44.497324263	19
46.796984126	20
49.177392290	21
51.509909297	22
53.865442176	23
56.180566893	24
58.569501133	25
60.932494331	26
63.265963718	27
65.587732426	28
67.961609977	29
70.294126984	30
72.625759637	31
74.921065759	32
77.227460317	33
79.518616780	34
81.869229024	35
84.208684807	36
86.488956916	37
88.778571428	38
91.129387755	39
93.473356009	40
95.797256235	41
98.113446712	42
100.441609977	43
102.692494331	44
105.042630385	45
107.353174603	46
109.668276643	47
111.936575963	48
114.235351473	49
116.513424036	50
118.882970521	51
121.178480725	52
123.457505668	53
125.728140589	54
128.074807256	55
130.417120181	56
133.561224489	57
135.162698412	58
137.536575963	59
139.910136054	60
142.427664399	61
