1.510839002	0
3.630748299	1
5.711224489	2
7.846780045	3
9.796938775	4
11.955102040	5
14.098979591	6
16.238752834	7
18.412244897	8
20.576530612	9
22.733673469	10
24.894965986	11
27.085714285	12
29.233673469	13
31.382834467	14
33.531632653	15
35.671428571	16
37.799024943	17
39.932653061	18
42.097959183	19
44.274489795	20
46.450000000	21
48.566757369	22
50.698979591	23
52.871428571	24
55.040816326	25
57.209183673	26
59.366757369	27
61.528684807	28
63.686734693	29
65.830793650	30
67.958956916	31
70.118367346	32
72.252018140	33
74.375510204	34
76.527052154	35
78.687755102	36
80.846780045	37
83.030748299	38
85.150952380	39
87.267346938	40
89.397959183	41
91.504081632	42
93.602040816	43
95.682653061	44
97.776530612	45
99.879138321	46
101.956122448	47
104.057142857	48
106.219387755	49
108.384693877	50
110.519024943	51
112.663265306	52
114.806757369	53
116.961224489	54
119.108163265	55
121.286916099	56
123.430929705	57
125.597959183	58
127.788775510	59
129.959478458	60
132.121428571	61
134.290816326	62
136.459183673	63
138.614897959	64
140.780612244	65
142.959183673	66
145.125510204	67
147.303061224	68
149.478571428	69
151.665963718	70
