1.57848072476	0
4.87807256176	1
8.06791383176	2
11.3259637188	3
14.5738548748	4
17.7607936508	5
21.0377097498	6
24.2671201808	7
27.5262358268	8
30.7543310648	9
34.0104081628	10
37.2626530608	11
40.5424716548	12
43.8904308388	13
47.1543537408	14
50.4743310648	15
53.7618820858	16
56.9943537408	17
60.3463038548	18
63.6422448978	19
66.9479138318	20
70.1782539678	21
73.3000226748	22
76.6422902488	23
79.9863038548	24
83.2663945578	25
86.5078231288	26
89.8982312918	27
93.0502494328	28
96.4038775508	29
99.7225850338	30
103.010408163	31
106.314285714	32
109.612131519	33
112.917619047	34
116.227913832	35
119.551269841	36
122.970748299	37
126.241519274	38
129.620022675	39
132.922675737	40
136.246417233	41
139.570680272	42
142.907324263	43
149.563061224	44
152.925600907	45
156.283786848	46
159.622789115	47
162.940748299	48
166.21031746	49
169.470793651	50
172.843968254	51
176.138299319	52
