0.068367346	0
1.913265306	1
4.330612244	2
6.232653061	3
8.055102040	4
9.867346938	5
12.353061224	6
14.443877551	7
16.588775510	8
18.783673469	9
20.915895691	10
23.084693877	11
25.267573696	12
27.442857142	13
29.643628117	14
31.875873015	15
34.088775510	16
36.341836734	17
38.543877551	18
40.757142857	19
42.948979591	20
45.107142857	21
47.283809523	22
49.492857142	23
51.701020408	24
53.906122448	25
56.155600907	26
58.413083900	27
60.617346938	28
62.819569160	29
65.009183673	30
67.211224489	31
69.379569160	32
71.584693877	33
73.771428571	34
75.975510204	35
78.171723356	36
80.330612244	37
82.507551020	38
84.798004535	39
87.122448979	40
89.414285714	41
91.644897959	42
93.980612244	43
96.156190476	44
98.417346938	45
100.575510204	46
102.811609977	47
105.026530612	48
107.256122448	49
109.475510204	50
111.756734693	51
113.967346938	52
116.235918367	53
118.433673469	54
120.683560090	55
122.905102040	56
125.140045351	57
127.374489795	58
129.623469387	59
131.907528344	60
134.104081632	61
136.291609977	62
138.644693877	63
140.965306122	64
143.246938775	65
145.461224489	66
147.708163265	67
149.959183673	68
152.236734693	69
154.425510204	70
156.666326530	71
158.854353741	72
161.131632653	73
163.318752834	74
