2.096938775	1
4.505102040	2
6.837755102	3
9.202290249	4
11.515306122	5
13.889795918	6
16.177551020	7
18.481405895	8
20.801020408	9
23.244897959	10
25.632653061	11
27.985714285	12
30.354081632	13
32.723469387	14
35.076530612	15
37.413265306	16
39.777528344	17
42.115306122	18
44.497414965	19
46.857414965	20
49.203061224	21
51.537414965	22
53.853061224	23
56.273446712	24
58.666326530	25
61.093877551	26
63.496938775	27
65.885714285	28
68.292857142	29
70.635714285	30
73.046938775	31
75.388775510	32
77.744897959	33
80.155102040	34
82.586734693	35
84.995918367	36
87.425396825	37
89.747959183	38
92.169387755	39
94.559183673	40
96.942857142	41
99.316326530	42
101.696938775	43
104.105464852	44
106.481428571	45
108.835714285	46
111.217414965	47
113.614285714	48
115.957142857	49
118.393628117	50
120.823469387	51
123.233378684	52
125.653061224	53
128.074149659	54
130.489433106	55
132.881609977	56
135.263265306	57
137.703061224	58
140.187755102	59
142.606122448	60
144.974489795	61
147.405102040	62
149.800000000	63
152.232653061	64
154.633673469	65
157.083673469	66
159.529455782	67
162.009433106	68
164.401405895	69
