0.729977323433	0
2.19718820843	1
3.64426303843	2
5.07827664343	3
6.51292516943	4
7.96154194943	5
9.37977324243	6
10.8339229024	7
12.3047845804	8
13.6649433104	9
15.0483446704	10
16.4984126974	11
17.9294331064	12
19.3482086164	13
20.8069841264	14
22.2331065754	15
23.7457596364	16
25.1890249424	17
26.6673922894	18
28.0992290244	19
29.5604535144	20
31.0008843534	21
32.4282086164	22
33.8363718814	23
35.2959637184	24
36.7207029474	25
38.1498412694	26
39.5941496594	27
41.0306575954	28
42.4690249424	29
43.9245351464	30
45.3465759634	31
46.8478004534	32
48.2968253964	33
49.7629024934	34
51.1851247164	35
52.6151473914	36
54.0290249424	37
55.4371882084	38
56.8273922894	39
58.2331065754	40
59.6478004534	41
61.0535147384	42
62.4763718814	43
63.9024943304	44
65.3531065754	45
66.7808616774	46
68.2192290244	47
69.6673922894	48
71.1057596364	49
72.5555555554	50
74.0208616774	51
75.4241269834	52
76.8739229024	53
78.3126984124	54
79.7563718814	55
81.1751473914	56
82.6029024934	57
84.0020861674	58
85.4584580494	59
86.8478004534	60
88.3090249424	61
89.7416780044	62
91.1212698404	63
92.5604535144	64
93.9702494324	65
95.3927210884	66
96.8241269834	67
98.2673922894	68
99.6975963714	69
101.140045351	70
102.610249432	71
104.040725623	72
105.490249432	73
106.945646258	74
108.392879818	75
109.815963718	76
111.236371881	77
112.651065759	78
114.056780044	79
115.455963718	80
116.869841269	81
118.286984126	82
119.778412697	83
121.211882085	84
122.673922902	85
124.125351473	86
125.568707482	87
127.038820861	88
128.473922902	89
129.948208616	90
131.4061678	91
132.82494331	92
134.26249433	93
135.72371882	94
137.153922902	95
138.580045351	96
140.033015872	97
141.466575963	98
142.900861677	99
144.339229024	100
145.766984126	101
147.177596371	102
