0.791564625544	0
2.20435374054	1
3.60764172254	2
5.01034013554	3
6.43925170054	4
7.82285714254	5
9.22476190454	6
10.6244897955	7
12.0057142855	8
13.4130612235	9
14.8230158725	10
16.2310884345	11
17.6100680265	12
19.0335600905	13
20.4312925165	14
21.8390702945	15
23.2459863945	16
24.6587755095	17
26.0454421765	18
27.4604081625	19
28.8470748295	20
30.2663945575	21
31.6878911555	22
33.1355102035	23
34.5319727885	24
35.9670748295	25
37.4087074825	26
38.8391156455	27
40.2582312915	28
41.6688435365	29
43.0881632645	30
44.5314285705	31
45.9148299315	32
47.3341496595	33
48.7447619045	34
50.1684353735	35
51.6232426295	36
53.0038095235	37
54.4470748295	38
55.8551020405	39
57.2508843535	40
58.6821768705	41
60.0790702945	42
61.5431065755	43
62.9832879815	44
64.4151700675	45
65.8179591835	46
67.2711337865	47
68.6870748295	48
70.1270748295	49
71.5855782305	50
73.0173469385	51
74.4601360535	52
75.9228117905	53
77.2998639455	54
78.7442176865	55
80.1820408155	56
81.5970068025	57
83.0522448975	58
84.4922448975	59
85.9207482985	60
87.3671201805	61
88.8234467115	62
90.2544217685	63
91.6552380945	64
93.0887074825	65
94.5114285705	66
95.9599999995	67
97.3912925165	68
98.8122448975	69
100.241904762	70
101.654693878	71
103.065306122	72
104.532517007	73
105.967188209	74
107.401632653	75
108.823129252	76
110.265306122	77
111.69877551	78
113.155102041	79
114.565714286	80
116.008979592	81
117.460952381	82
118.914557823	83
120.331156463	84
121.782040816	85
123.207891156	86
124.671043084	87
126.106394558	88
127.544217687	89
128.991836735	90
130.440544218	91
131.866394558	92
133.343106576	93
134.791133787	94
136.223106576	95
137.672970521	96
139.106666667	97
140.583287982	98
142.010612245	99
143.479047619	100
144.925442177	101
146.391428571	102
147.826122449	103
149.30537415	104
150.732244898	105
152.190748299	106
153.652517007	107
155.153718821	108
