0.503061224	0
2.426530612	1
4.260204081	2
6.025510204	3
7.800000000	4
9.600000000	5
11.367346938	6
13.127551020	7
14.859183673	8
16.610204081	9
18.344897959	10
20.100000000	11
21.871859410	12
23.608163265	13
25.360204081	14
27.105102040	15
28.861224489	16
30.602040816	17
32.361224489	18
34.106349206	19
35.862811791	20
37.609183673	21
39.374965986	22
41.124489795	23
42.863061224	24
44.597959183	25
46.347959183	26
48.070997732	27
49.799002267	28
51.558843537	29
53.302879818	30
55.053061224	31
56.814285714	32
58.530612244	33
60.304081632	34
62.026530612	35
63.792857142	36
65.512244897	37
67.288775510	38
69.017346938	39
70.822902494	40
72.527052154	41
74.290816326	42
76.003061224	43
77.750884353	44
79.509183673	45
81.286893424	46
83.022811791	47
84.798798185	48
86.510748299	49
88.298979591	50
90.077551020	51
91.822789115	52
93.586734693	53
95.366802721	54
97.112244897	55
98.868367346	56
100.638798185	57
102.388775510	58
104.101020408	59
105.870408163	60
107.622789115	61
109.388775510	62
111.075510204	63
112.798979591	64
114.556122448	65
116.279591836	66
118.031632653	67
119.773469387	68
121.534852607	69
123.251020408	70
125.022834467	71
126.747959183	72
128.520408163	73
130.270770975	74
132.041224489	75
133.798820861	76
135.566938775	77
137.302789115	78
139.066326530	79
140.812244897	80
142.582789115	81
144.285714285	82
146.022857142	83
147.755102040	84
149.508163265	85
151.279614512	86
152.998911564	87
154.758163265	88
156.526825396	89
158.252040816	90
159.991836734	91
161.758798185	92
163.489795918	93
165.260204081	94
167.011224489	95
168.734988662	96
170.519387755	97
172.278571428	98
174.040816326	99
175.766780045	100
177.534807256	101
179.254920634	102
181.019387755	103
182.768321995	104
184.548934240	105
186.278843537	106
188.039047619	107
189.799818594	108
191.567029478	109
193.310816326	110
195.062947845	111
196.830770975	112
198.561224489	113
200.291836734	114
202.031088435	115
203.774897959	116
205.485714285	117
207.212244897	118
208.962244897	119
210.684693877	120
212.419387755	121
214.166802721	122
215.907256235	123
217.590793650	124
