0.025396825	0
3.062131519	1
6.041541950	2
9.009342403	3
11.949569160	4
14.899954648	5
17.872834467	6
20.836281179	7
23.774331065	8
26.715283446	9
29.687437641	10
32.655238095	11
35.609251700	12
38.568344671	13
41.566621315	14
44.556190476	15
47.521814058	16
50.522267573	17
53.477006802	18
56.497052154	19
59.501133786	20
62.493605442	21
65.526439909	22
68.556916099	23
71.535600907	24
74.542448979	25
77.574965986	26
80.578321995	27
83.590385487	28
86.584308390	29
89.598344671	30
92.630204081	31
95.665487528	32
98.655782312	33
101.678004535	34
104.707482993	35
107.726802721	36
110.742494331	37
113.758299319	38
116.771700680	39
119.777233560	40
122.792199546	41
125.808616780	42
128.852607709	43
132.146938775	44
135.168435374	45
138.033922902	46
141.002653061	47
143.868662131	48
146.798730158	49
149.598911564	50
152.474535147	51
155.326258503	52
158.202539682	53
161.087709750	54
164.019297052	55
166.834648526	56
169.727709750	57
172.534421768	58
175.391201814	59
178.226938775	60
181.090975056	61
183.960090702	62
186.887256235	63
189.682358276	64
192.648707482	65
195.546122448	66
198.482630385	67
201.375782312	68
204.290566893	69
207.219229024	70
210.084716553	71
212.986848072	72
215.873741496	73
218.764625850	74
221.694172335	75
224.429569160	76
227.370634920	77
230.232380952	78
233.163174603	79
236.034467120	80
238.967437641	81
241.851065759	82
244.765895691	83
247.570430839	84
250.546575963	85
253.410612244	86
256.320839002	87
259.108571428	88
262.122811791	89
265.116734693	90
268.104126984	91
271.072653061	92
274.040453514	93
277.003446712	94
279.952834467	95
282.893786848	96
285.880453514	97
288.858548752	98
291.843628117	99
294.823038548	100
297.840181405	101
300.831927437	102
303.796825396	103
306.791473922	104
309.786122448	105
312.764081632	106
315.756553287	107
318.732335600	108
321.702312925	109
324.726712018	110
327.706848072	111
330.628934240	112
333.636643990	113
336.625487528	114
339.613605442	115
342.596643990	116
345.576054421	117
348.538775510	118
351.531247165	119
354.507029478	120
357.507482993	121
360.486893424	122
363.482562358	123
366.471836734	124
369.449795918	125
372.450566893	126
375.418503401	127
378.398185941	128
381.362517006	129
384.332335600	130
387.317551020	131
390.286077097	132
393.285079365	133
396.171609977	134
399.177981859	135
402.018684807	136
404.962585034	137
407.783038548	138
410.732698412	139
413.610521541	140
416.539863945	141
419.391564625	142
422.368956916	143
425.271292517	144
428.154625850	145
430.851337868	146
433.822199546	147
436.722358276	148
439.650657596	149
442.566530612	150
445.514557823	151
448.429569160	152
451.355918367	153
454.157641723	154
457.146485260	155
460.009070294	156
462.922675736	157
465.593469387	158
468.538503401	159
471.447074829	160
474.386553287	161
477.204897959	162
480.130521541	163
483.044716553	164
485.931247165	165
488.620408163	166
491.564988662	167
494.482517006	168
497.415238095	169
500.290498866	170
