1.16895691536	0
3.23517006736	1
5.28995464836	2
7.35308389936	3
9.37213151836	4
11.4528571424	5
13.5245124714	6
15.5907256234	7
17.6768934234	8
19.7431065754	9
21.7839229024	10
23.8679365074	11
24.8895918364	12
27.0319954644	13
29.1236054414	14
31.2224716544	15
33.3068253964	16
35.4374376414	17
37.5390249424	18
39.6360770974	19
41.7530838994	20
43.8374376414	21
45.8909523804	22
47.9798412694	23
50.0460544214	24
52.1313151924	25
54.1966213144	26
56.2800680264	27
57.3122675734	28
59.4220181404	29
61.5163492054	30
63.5970748294	31
65.6578458044	32
67.7539909294	33
69.8211111104	34
71.9136281174	35
74.0242857134	36
76.1104535144	37
78.1939002264	38
80.2628344664	39
82.3526303854	40
84.4260997724	41
86.5295011334	42
88.6056916094	43
89.6378911564	44
91.7358503394	45
93.8199319724	46
95.9161678004	47
97.9907256234	48
100.091927437	49
102.157619047	50
104.257392289	51
106.339024942	52
108.432448979	53
110.525873015	54
112.599342403	55
114.672811791	56
116.772585033	57
118.863287981	58
120.964240362	59
123.032902493	60
125.105464852	61
127.179841269	62
129.227006802	63
131.259659863	64
133.340272108	65
135.384829931	66
137.457392289	67
139.510907029	68
141.547188208	69
143.586190475	70
145.638798185	71
147.666009069	72
149.725873015	73
151.776666666	74
153.827460317	75
155.894580498	76
157.941746031	77
159.997074829	78
162.067823128	79
164.105918366	80
166.15126984	81
168.201156462	82
170.270997732	83
172.29988662	84
174.369863945	85
176.436077097	86
178.478707482	87
180.470544217	88
182.53494331	89
184.589365079	90
186.675986394	91
188.848775509	92
191.014761904	93
193.235170067	94
195.394807255	95
197.549342403	96
199.64387755	97
201.740317459	98
203.885442176	99
206.013083899	100
208.093333332	101
210.192086167	102
212.277165532	103
214.357142856	104
216.454081632	105
218.597687074	106
220.685192743	107
222.805283446	108
224.91680272	109
227.02201814	110
229.070090702	111
231.149047618	112
233.188004534	113
235.301383219	114
237.394807255	115
239.479523809	116
241.549909296	117
243.634263038	118
245.715895691	119
247.795714285	120
249.875532879	121
252.013378684	122
254.061473922	123
256.157619047	124
258.183333332	125
260.222925169	126
262.280068026	127
264.38941043	128
266.42972789	129
268.515895691	130
270.592086167	131
272.70818594	132
274.783469387	133
276.885963718	134
278.955804988	135
281.051950113	136
283.109229024	137
285.185283446	138
287.253310657	139
289.30047619	140
291.344013605	141
293.427460317	142
295.469183673	143
297.537210883	144
299.553537414	145
301.616122448	146
303.653129251	147
305.694126983	148
307.736757369	149
309.830181405	150
311.919070294	151
313.981337868	152
316.000702947	153
318.053310657	154
320.125396825	155
322.165147391	156
324.188458049	157
326.281451246	158
328.288231292	159
330.304557822	160
332.312721088	161
334.349002267	162
336.391632652	163
338.420657596	164
340.485192743	165
342.544013605	166
344.573945577	167
346.664648525	168
348.686689342	169
350.758072562	170
352.807619047	171
354.910544217	172
356.973287981	173
359.051043083	174
361.105464852	175
363.138117913	176
365.190544217	177
367.227913831	178
369.277052153	179
371.37340136	180
373.373219954	181
375.440158729	182
377.477142856	183
379.557165532	184
381.607052153	185
383.694126983	186
385.726780044	187
387.795714285	188
389.818390022	189
391.867369614	190
393.901451246	191
395.961700679	192
397.973083899	193
399.998888888	194
402.022471654	195
404.078707482	196
406.147641722	197
408.358979591	198
410.929501133	199
414.153990929	200
417.261519274	201
