0.195238095238	0
3.51605442124	1
6.83360544124	2
10.0758956912	3
13.4278911562	4
16.6246258502	5
19.7364625842	6
22.8651473922	7
26.0825850332	8
29.3038095232	9
32.4319727882	10
35.6091156462	11
38.8874829922	12
42.2229931972	13
45.5323809522	14
48.7208390022	15
52.0809523802	16
55.2972108842	17
58.5217687072	18
61.8034013602	19
65.0899319722	20
68.3878911562	21
71.7495238092	22
75.1193197272	23
78.5005442172	24
81.9372335592	25
85.2662585032	26
88.5854421762	27
91.8670748292	28
95.2287074822	29
98.5772789112	30
101.881768707	31
105.251564625	32
108.689206348	33
112.291564625	34
115.721156462	35
119.210748299	36
122.657256235	37
126.07324263	38
129.488299319	39
132.94462585	40
136.409115646	41
139.867074829	42
143.281179138	43
146.748707482	44
150.307891156	45
153.849115646	46
157.377165532	47
160.962585033	48
164.453628117	49
167.940544217	50
171.38217687	51
174.897278911	52
178.361224489	53
181.850340135	54
185.272789115	55
188.705442176	56
192.201224489	57
195.701360543	58
199.177256235	59
202.599319727	60
206.093197278	61
209.605351473	62
213.085034013	63
216.525850339	64
220.021768707	65
223.476870748	66
226.978911564	67
230.590340135	68
234.229523809	69
238.353197278	70
