1.994285714	0
4.928571428	1
7.883673469	2
10.850317460	3
13.811700680	4
16.759183673	5
19.692857142	6
22.634693877	7
25.522108843	8
28.452018140	9
31.353061224	10
34.263265306	11
37.154081632	12
40.051020408	13
42.929591836	14
45.801020408	15
48.632653061	16
51.551020408	17
54.421428571	18
57.290748299	19
60.164285714	20
63.059024943	21
65.944897959	22
68.818662131	23
71.665306122	24
74.545918367	25
77.439795918	26
80.338321995	27
83.186122448	28
86.077551020	29
88.906122448	30
91.763696145	31
94.595918367	32
97.438775510	33
100.279591836	34
103.159183673	35
105.978571428	36
108.852040816	37
111.682108843	38
114.563265306	39
117.420408163	40
120.272448979	41
123.113265306	42
125.986734693	43
128.802358276	44
131.678571428	45
134.546938775	46
137.354081632	47
140.113265306	48
142.981632653	49
145.865306122	50
148.738117913	51
151.587324263	52
154.467346938	53
157.279591836	54
160.130612244	55
162.948639455	56
165.832653061	57
168.700000000	58
171.572448979	59
174.416326530	60
177.278571428	61
180.120408163	62
182.959183673	63
185.769387755	64
188.594807256	65
191.455102040	66
194.336734693	67
197.183673469	68
200.026167800	69
202.861224489	70
205.733673469	71
208.564535147	72
211.424489795	73
214.242176870	74
217.087755102	75
219.906099773	76
222.781632653	77
225.598979591	78
228.432653061	79
231.162312925	80
234.054081632	81
236.931632653	82
239.797959183	83
242.646938775	84
245.531088435	85
248.394104308	86
251.266326530	87
254.113265306	88
256.986099773	89
259.862244897	90
262.674489795	91
265.498163265	92
268.330294784	93
271.177551020	94
274.028571428	95
276.835714285	96
279.683469387	97
282.525510204	98
285.381632653	99
288.202176870	100
