0.617936507937	0
3.13548752794	1
5.64650793594	2
8.04541950094	3
10.5346712009	4
12.9553514729	5
15.3360317459	6
17.7477324259	7
20.1346712009	8
22.5412018139	9
24.9477324259	10
27.3553514729	11
29.7640589559	12
32.1466439899	13
34.5161677999	14
36.9020181399	15
39.2911337859	16
41.6671882079	17
44.0388888879	18
46.4018820859	19
48.7877324259	20
51.1626984119	21
53.5256916099	22
55.8919501129	23
58.2734467119	24
60.6233786839	25
62.9700453509	26
65.3199773239	27
67.6590249429	28
70.0252834459	29
72.3828344669	30
74.7349433099	31
77.0870521539	32
79.4482766439	33
81.7814739219	34
84.1161677999	35
86.4538548749	36
88.8399773239	37
91.2105895689	38
93.5601587299	39
95.9039229019	40
98.2157596369	41
100.550816326	42
102.88877551	43
105.231088435	44
107.571950113	45
109.925873015	46
112.269637188	47
114.643877551	48
116.97893424	49
119.303877551	50
121.66356009	51
124.042312925	52
126.419297052	53
128.792086167	54
131.138752834	55
133.492675737	56
135.84079365	57
138.181655328	58
140.55154195	59
142.915623582	60
145.272448979	61
147.619115646	62
149.971587301	63
152.341473922	64
154.702653061	65
157.034807256	66
159.388730158	67
161.744104308	68
164.111088435	69
166.45340136	70
168.788458049	71
171.128049886	72
173.481791383	73
175.835714285	74
178.188185941	75
180.536099773	76
