1.178571428	0
3.048979591	1
4.921383219	2
6.781632653	3
8.636734693	4
10.481655328	5
12.381632653	6
14.286734693	7
16.193877551	8
18.042857142	9
19.958163265	10
21.850000000	11
23.750000000	12
25.646938775	13
27.607142857	14
29.417301587	15
31.306122448	16
33.176530612	17
35.063265306	18
36.996938775	19
38.852040816	20
40.769387755	21
42.658163265	22
44.575510204	23
46.487755102	24
48.388775510	25
50.332653061	26
52.223469387	27
54.128571428	28
55.978571428	29
57.906485260	30
59.786734693	31
61.641836734	32
63.513265306	33
65.417278911	34
67.269387755	35
69.177256235	36
71.064285714	37
72.988775510	38
74.882653061	39
76.787755102	40
78.680612244	41
80.537324263	42
82.405102040	43
84.317346938	44
86.167346938	45
88.038775510	46
89.901020408	47
91.773469387	48
93.624489795	49
95.508163265	50
97.343877551	51
99.228571428	52
101.055102040	53
102.919387755	54
104.726530612	55
106.637755102	56
108.495918367	57
110.385283446	58
112.238775510	59
114.097959183	60
115.966326530	61
117.848979591	62
119.668367346	63
121.565306122	64
123.447959183	65
125.347959183	66
127.247959183	67
129.139795918	68
131.021428571	69
132.908321995	70
134.793877551	71
136.686734693	72
138.571428571	73
140.447959183	74
142.313265306	75
144.203061224	76
146.077551020	77
147.940816326	78
149.717346938	79
151.597959183	80
153.403061224	81
155.267346938	82
157.133673469	83
158.969387755	84
160.873469387	85
162.742857142	86
164.682539682	87
166.555102040	88
168.503061224	89
170.414285714	90
172.381632653	91
174.337777777	92
176.215306122	93
178.145918367	94
180.066326530	95
182.001315192	96
183.902040816	97
185.855102040	98
187.761496598	99
189.700000000	100
191.611224489	101
193.590816326	102
195.489365079	103
197.443877551	104
199.375510204	105
201.330612244	106
203.272448979	107
205.193877551	108
207.159365079	109
209.061224489	110
210.966326530	111
212.907142857	112
214.825396825	113
216.734693877	114
218.644897959	115
220.594897959	116
222.444897959	117
224.384693877	118
226.303061224	119
228.247959183	120
230.167346938	121
232.054081632	122
233.964285714	123
235.905102040	124
237.873356009	125
239.770408163	126
241.689478458	127
243.616326530	128
245.498979591	129
247.433378684	130
249.335714285	131
251.260204081	132
253.161224489	133
255.097392290	134
257.000000000	135
258.935714285	136
260.797959183	137
262.721428571	138
264.640816326	139
266.559183673	140
268.477551020	141
270.378571428	142
272.266326530	143
274.239682539	144
276.074489795	145
277.914285714	146
279.839795918	147
281.790816326	148
283.726530612	149
285.631632653	150
287.542857142	151
289.446938775	152
291.375510204	153
293.286734693	154
295.201020408	155
297.104081632	156
298.955102040	157
300.906893424	158
302.808163265	159
304.730612244	160
306.646938775	161
308.562244897	162
310.487755102	163
312.401269841	164
314.306122448	165
316.215306122	166
318.132653061	167
320.095918367	168
322.075510204	169
324.045918367	170
326.060204081	171
328.095918367	172
330.111224489	173
332.136734693	174
334.132653061	175
336.088775510	176
338.047959183	177
340.017551020	178
341.834693877	179
343.721428571	180
345.729297052	181
347.626167800	182
349.589795918	183
351.553310657	184
353.480612244	185
355.425306122	186
357.393469387	187
359.257346938	188
361.183673469	189
363.084693877	190
365.064285714	191
366.953061224	192
368.859183673	193
370.801904761	194
372.697437641	195
374.617346938	196
376.534693877	197
378.492222222	198
380.370408163	199
382.314807256	200
384.233514739	201
386.107142857	202
387.972448979	203
389.874489795	204
391.771428571	205
393.713514739	206
395.518367346	207
397.473469387	208
399.333673469	209
401.255102040	210
403.123469387	211
405.046938775	212
406.913265306	213
408.808163265	214
412.115306122	215
414.006122448	216
415.919387755	217
417.837755102	218
422.104081632	219
425.966122448	220
