1.18582766372	0
3.68342403572	1
6.17478457972	2
8.64916099772	3
11.1196145117	4
13.5831746027	5
16.0727210877	6
18.5529024937	7
20.9660544217	8
23.4566666657	9
25.9078231287	10
28.3987755097	11
30.8260997727	12
33.3265986387	13
35.8183900217	14
38.3059863937	15
40.8020408157	16
43.3301360537	17
45.8218367337	18
48.3661451247	19
50.8605668927	20
53.3381632647	21
55.8578911557	22
58.3199773237	23
60.7479138317	24
63.2440589567	25
65.7698412697	26
68.2755328797	27
70.7934467117	28
73.3331292507	29
75.8524943307	30
78.3718594097	31
80.8810657587	32
83.3641496597	33
85.8578684807	34
88.3859183667	35
90.8903174597	36
93.4416099767	37
95.9538321987	38
98.4527664397	39
101.006961451	40
103.540839002	41
106.08632653	42
108.634716553	43
111.148276644	44
113.661836734	45
116.157981859	46
118.689931973	47
121.26201814	48
123.768321995	49
126.286621315	50
128.833832199	51
131.400408163	52
133.890770975	53
136.429002267	54
139.010204081	55
141.489886621	56
143.977845805	57
146.490498866	58
148.983741496	59
151.511814059	60
154.025374149	61
156.527324263	62
159.037981859	63
161.539931973	64
164.047687075	65
166.552539682	66
169.06755102	67
171.576757369	68
174.107732426	69
176.631451247	70
179.127596372	71
181.570045351	72
184.085056689	73
186.646507936	74
189.202267573	75
191.746190476	76
194.281519274	77
196.837165533	78
199.362335601	79
201.877346939	80
204.380748299	81
206.905918367	82
209.46585034	83
212.005351474	84
214.561247165	85
217.093673469	86
219.658049886	87
222.162879818	88
224.674058957	89
227.196439909	90
229.705963719	91
232.192448979	92
234.69585034	93
237.233945578	94
239.781020408	95
242.32185941	96
244.825918367	97
247.343469388	98
249.849773242	99
252.385827664	100
254.842063492	101
257.337868481	102
259.833854875	103
262.331904762	104
264.787460317	105
267.296666666	106
269.78845805	107
272.321904762	108
274.86723356	109
277.378480725	110
279.877528344	111
282.40414966	112
284.91770975	113
287.484965986	114
289.977981859	115
292.493219954	116
295.000975056	117
297.540657596	118
300.074535147	119
302.615668934	120
305.170181406	121
307.721904762	122
310.224557823	123
312.745918367	124
315.256031746	125
317.786099773	126
320.27446712	127
322.799614512	128
325.33494331	129
327.84414966	130
330.369909297	131
332.842244898	132
335.400793651	133
337.907097505	134
340.432267573	135
342.928412698	136
345.458594104	137
347.925056689	138
350.38600907	139
352.876712018	140
355.335124716	141
