3.886961451	0
5.869206349	1
7.82095238	2
9.784126984	3
11.742222222	4
13.701587301	5
15.66095238	6
17.622857142	7
19.579682539	8
21.54031746	9
23.50095238	10
25.459047619	11
27.417142857	12
29.375238095	13
31.335873015	14
33.292698412	15
35.253333333	16
37.208888888	17
39.172063492	18
41.128888888	19
43.088253968	20
45.05015873	21
47.009523809	22
48.966349206	23
50.923174603	24
52.888888888	25
54.848253968	26
56.798730158	27
58.76063492	28
60.718979591	29
62.684444444	30
64.633650793	31
66.59047619	32
68.557460317	33
70.510929705	34
72.467301587	35
74.424126984	36
76.386031746	37
78.345396825	38
80.295034013	39
82.259047619	40
84.227301587	41
86.179047619	42
88.138412698	43
90.091428571	44
92.057142857	45
94.022993197	46
95.969523809	47
97.93015873	48
99.889523809	49
101.846349206	50
103.804444444	51
105.762539682	52
107.721904761	53
109.687619047	54
111.64430839	55
113.599070294	56
115.565714285	57
117.525079365	58
119.474285714	59
121.427301587	60
123.391746031	61
125.354920634	62
127.309206349	63
129.269841269	64
131.23047619	65
133.177142857	66
135.142857142	67
137.099682539	68
139.057777777	69
141.017142857	70
142.982857142	71
144.933333333	72
146.891428571	73
148.857142857	74
150.807619047	75
152.769523809	76
154.725079365	77
156.692063492	78
158.642539682	79
160.613582766	80
162.57015873	81
164.514557823	82
166.47893424	83
168.444444444	84
170.407619047	85
172.358095238	86
174.310975056	87
176.262857142	88
178.223038548	89
180.187936507	90
182.154920634	91
184.101587301	92
186.063492063	93
188.016507936	94
189.986031746	95
191.941587301	96
193.906031746	97
195.859047619	98
197.82095238	99
199.766984126	100
201.729523809	101
203.687052154	102
205.646984126	103
207.608888888	104
209.559138321	105
211.511020408	106
213.481904761	107
215.438730158	108
217.399365079	109
219.353650793	110
221.311020408	111
223.272380952	112
225.230997732	113
227.192380952	114
229.153015873	115
231.111111111	116
233.066666666	117
235.026031746	118
236.985396825	119
238.943492063	120
240.914285714	121
242.871020408	122
244.82031746	123
246.775873015	124
248.741587301	125
250.693333333	126
252.655034013	127
254.608253968	128
256.563809523	129
258.534988662	130
260.49015873	131
262.446984126	132
264.399047619	133
266.366984126	134
268.317460317	135
270.289523809	136
272.252698412	137
274.207097505	138
276.143673469	139
278.113015873	140
280.073650793	141
282.019047619	142
284.002539682	143
285.959024943	144
287.918979591	145
