1.342403628	0
3.830226757	1
6.270136054	2
8.695918367	3
11.15956916	4
13.57755102	5
16.046938775	6
18.528571428	7
20.942199546	8
23.421428571	9
25.913265306	10
28.344897959	11
30.729591836	12
33.174013605	13
35.597959183	14
38.065306122	15
40.463265306	16
42.920408163	17
45.358163265	18
47.801020408	19
50.196938775	20
52.661224489	21
55.101995464	22
57.509183673	23
59.924489795	24
62.401020408	25
64.823469387	26
67.274489795	27
69.70510204	28
71.540816326	29
73.359183673	30
75.187755102	31
76.965306122	32
78.789795918	33
80.58877551	34
81.784693877	35
84.212244897	36
86.601020408	37
89.03877551	38
91.47755102	39
93.909183673	40
96.363537414	41
98.829591836	42
101.274489795	43
103.719387755	44
106.152040816	45
108.648979591	46
111.062244897	47
113.562244897	48
115.946938775	49
118.347959183	50
120.804217687	51
123.25	52
125.66632653	53
128.132471655	54
130.564285714	55
132.968367346	56
135.387755102	57
137.869387755	58
140.301020408	59
142.764285714	60
145.198979591	61
147.657142857	62
150.08877551	63
151.945918367	64
153.772448979	65
155.569387755	66
157.38877551	67
159.173469387	68
160.973469387	69
162.16632653	70
164.609183673	71
167.017324263	72
169.415306122	73
171.819387755	74
174.224489795	75
176.601020408	76
179.001020408	77
181.422448979	78
183.832653061	79
186.2492517	80
188.701020408	81
191.123469387	82
193.534693877	83
195.969433106	84
198.385714285	85
200.782653061	86
203.223469387	87
205.633673469	88
208.070408163	89
210.479591836	90
212.912244897	91
215.281133786	92
217.720408163	93
220.153061224	94
222.601020408	95
224.982653061	96
227.413265306	97
229.806122448	98
232.20510204	99
234.586734693	100
236.345918367	101
238.157142857	102
239.957142857	103
241.773469387	104
243.567346938	105
245.356122448	106
246.515306122	107
248.982653061	108
251.355283446	109
317.324353741	110
319.710204081	111
322.135714285	112
324.55	113
326.935714285	114
329.327845804	115
331.71632653	116
334.090816326	117
336.468367346	118
338.959931972	119
341.314285714	120
343.73877551	121
346.10510204	122
348.491836734	123
350.832653061	124
353.195918367	125
355.543877551	126
357.948979591	127
360.318367346	128
362.714263038	129
365.129591836	130
367.623832199	131
369.998979591	132
372.440181405	133
374.808707482	134
377.284693877	135
379.747959183	136
381.543877551	137
383.368367346	138
385.146938775	139
386.974489795	140
388.741836734	141
390.509183673	142
391.679591836	143
394.106916099	144
396.45095238	145
398.243197278	146
400.002040816	147
401.764285714	148
403.555056689	149
405.363265306	150
407.141836734	151
408.30510204	152
410.715306122	153
413.117346938	154
414.889795918	155
416.623469387	156
418.422448979	157
420.212244897	158
422.080612244	159
423.829591836	160
425.605079365	161
427.380612244	162
429.141088435	163
430.939795918	164
432.710204081	165
434.465306122	166
436.293106575	167
438.181043083	168
440.084988662	169
