0.355215419501	0
2.1239229015	1
3.8817460315	2
5.6602494325	3
7.4104535145	4
9.2049206345	5
10.9906802715	6
12.7662811785	7
14.5643764165	8
16.3392517005	9
18.1119501125	10
19.9216553285	11
21.6486394555	12
23.4779365075	13
25.2745804985	14
27.0697732425	15
28.8490022675	16
30.6659637185	17
32.4502721085	18
34.2695691605	19
36.0428344665	20
37.8525396825	21
39.6644217685	22
41.4821088435	23
43.3005215415	24
45.1073242625	25
46.9293650785	26
48.7397959175	27
50.5734467115	28
52.3592063485	29
54.1558503395	30
55.9494784575	31
57.7259183665	32
59.5073242625	33
61.2749433105	34
63.0882766435	35
64.8493650785	36
66.6184353735	37
68.4064172335	38
70.1935827655	39
71.9945804985	40
73.8166213145	41
75.6219727885	42
77.3896825395	43
79.1978458045	44
80.9886848065	45
82.8005668925	46
84.5783446705	47
86.4098185935	48
88.2055555555	49
90.0176190475	50
91.8316780045	51
93.6290476185	52
95.4322222215	53
97.2121768705	54
99.0240589565	55
100.813492063	56
102.570181406	57
104.371904762	58
106.132267574	59
107.939795918	60
109.701609977	61
111.483741497	62
113.273129252	63
115.060340136	64
116.872947846	65
118.622426304	66
120.429954649	67
122.214988662	68
123.963741497	69
125.72845805	70
127.514217687	71
129.311587302	72
131.117573696	73
132.897619048	74
134.677573696	75
136.448820862	76
138.236031746	77
140.042834467	78
141.820612245	79
143.629501134	80
145.402290249	81
147.172811791	82
148.970181406	83
150.75739229	84
152.548956916	85
154.324557823	86
156.101609977	87
157.896802721	88
159.679659864	89
161.4530839	90
163.250453515	91
165.041292517	92
166.856077098	93
168.601927438	94
170.415260771	95
172.232222222	96
174.025238095	97
175.826235828	98
177.633038549	99
179.447097506	100
181.225600907	101
183.027324263	102
184.812358277	103
186.614081633	104
188.42015873	105
190.242199546	106
192.027959184	107
193.949478458	108
