0.887188208472	1
2.25292516947	2
3.57455782247	3
4.87038548747	4
6.12641723347	5
7.45575963647	6
8.71832199447	7
10.0708163265	8
11.3610657595	9
12.6862811785	10
13.9663038545	11
15.2865079365	12
16.5971655325	13
17.9540816325	14
19.3025170065	15
20.6574829925	16
21.8680952375	17
23.1663038545	18
24.4440589565	19
25.7719501125	20
27.0471882085	21
28.3502721085	22
29.6786621315	23
30.9583219945	24
32.2720861675	25
33.6143990925	26
34.9744897955	27
36.2441496595	28
37.4602947845	29
38.7670294775	30
40.0668253965	31
41.3747165525	32
42.6543310655	33
43.9687528335	34
45.2782539675	35
46.5505895685	36
47.7612471655	37
49.0704081625	38
50.3903401355	39
51.6707709745	40
52.9423129245	41
54.2302947845	42
55.5423809515	43
56.7999092965	44
58.0782312925	45
59.3514058955	46
60.6384807255	47
61.9051020405	48
63.1226984125	49
64.4142630385	50
65.7177324255	51
66.9917233555	52
68.2863038545	53
69.5745351465	54
70.8262811785	55
72.1247845805	56
73.3905668925	57
74.6863038545	58
75.9754875275	59
77.2702721085	60
78.5663945575	61
79.9256462585	62
81.2784126975	63
82.6542630385	64
83.8436054415	65
85.1665306115	66
86.4622675735	67
87.7941496595	68
89.0942403625	69
90.4142403625	70
91.7185034005	71
92.9996598635	72
94.3113605435	73
95.6302494325	74
96.9662585025	75
98.2544897955	76
99.4532199545	77
100.774376416	78
102.078276643	79
103.428231292	80
104.700929704	81
106.014285713	82
107.334467119	83
108.598458049	84
109.764331065	85
111.070362811	86
112.37526077	87
113.656848072	88
114.950317459	89
116.22818594	90
117.510725623	91
118.822380951	92
120.038321994	93
121.342290248	94
122.598276643	95
123.926303854	96
125.286258502	97
