3.396938775	0
7.041836734	1
10.788775510	2
14.480612244	3
18.229591836	4
21.822448979	5
25.362244897	6
29.111201814	7
32.600000000	8
35.408163265	9
38.210204081	10
41.004081632	11
43.808163265	12
46.607142857	13
49.411224489	14
52.199092970	15
54.995918367	16
57.796643990	17
60.599183673	18
63.394897959	19
66.199160997	20
68.991836734	21
71.793877551	22
74.599138321	23
77.395918367	24
80.194897959	25
82.996938775	26
85.798956916	27
88.594897959	28
91.394897959	29
94.191836734	30
96.992857142	31
99.806938775	32
102.590975056	33
105.391156462	34
108.195918367	35
111.006938775	36
113.795918367	37
116.618367346	38
119.389795918	39
122.196938775	40
124.989795918	41
127.791269841	42
130.592857142	43
133.393877551	44
136.188775510	45
138.990952380	46
141.789795918	47
144.592857142	48
147.388775510	49
150.190816326	50
152.990975056	51
155.790952380	52
158.592857142	53
161.390816326	54
164.186734693	55
166.988775510	56
169.787755102	57
172.582947845	58
175.415691609	59
178.200000000	60
180.980612244	61
183.783129251	62
186.587755102	63
189.390997732	64
192.186734693	65
194.986734693	66
197.787755102	67
200.585714285	68
203.384693877	69
206.183673469	70
208.983673469	71
211.790816326	72
214.586734693	73
217.384693877	74
220.182653061	75
222.984693877	76
225.783038548	77
228.584693877	78
231.385714285	79
234.185714285	80
236.982653061	81
239.784693877	82
242.582970521	83
245.383673469	84
248.177551020	85
250.980612244	86
253.784693877	87
256.582947845	88
259.373469387	89
262.174988662	90
264.984331065	91
267.801020408	92
270.582653061	93
273.386734693	94
276.181632653	95
278.980907029	96
281.780612244	97
284.578571428	98
287.383673469	99
290.180748299	100
292.980612244	101
295.780748299	102
298.578571428	103
301.377551020	104
304.178571428	105
306.980725623	106
309.780612244	107
312.582653061	108
315.377551020	109
318.182653061	110
