0.391405895692	0
3.19956916069	1
6.01498866169	2
8.82460317369	3
11.6349433097	4
14.4445578227	5
17.2541723347	6
20.0659637187	7
22.8748526077	8
25.6895464847	9
28.4984353737	10
31.3116780037	11
34.1191156457	12
36.9352607707	13
39.7361677997	14
42.5559410427	15
45.3401587297	16
48.1758956907	17
50.9847845797	18
53.7929478457	19
56.6083673467	20
59.4063718817	21
62.2275963717	22
65.0401133777	23
67.8482766437	24
70.6593424027	25
73.4660544217	26
76.2829251697	27
79.1034240357	28
81.8825623577	29
84.7030612237	30
87.5308163257	31
90.3302721087	32
93.1159410427	33
95.9582086167	34
98.7583900217	35
101.573809524	36
104.389229025	37
107.196666666	38
110.006281179	39
112.820975056	40
115.628412698	41
118.440929705	42
121.262154195	43
124.063786848	44
126.874126984	45
129.68446712	46
132.491179138	47
135.317482993	48
138.118390022	49
140.92292517	50
143.755034013	51
146.533446712	52
149.357573696	53
152.167188208	54
154.978253968	55
157.787142857	56
160.598208617	57
163.411451247	58
166.2130839	59
169.027052154	60
171.841020408	61
174.646281179	62
177.454444444	63
180.250272109	64
183.084557823	65
185.900702948	66
188.716122449	67
191.520657596	68
194.336802721	69
197.147868481	70
199.940793651	71
202.767097505	72
205.575260771	73
208.393582766	74
211.194489796	75
214.005555555	76
216.812993197	77
219.610997732	78
222.427142857	79
225.235306122	80
