1.26770974968	1
3.18770974968	2
5.09954648468	3
7.00321995368	4
8.92321995368	5
10.8432199537	6
12.7626757367	7
14.6652607707	8
16.5972335597	9
18.4998185937	10
20.4372335597	11
22.3336507927	12
24.2507482987	13
26.1518820857	14
28.0720634917	15
29.9759183667	16
31.8897505667	17
33.8108390017	18
35.7219501127	19
37.6394104307	20
39.5532426297	21
41.4661677997	22
43.3899773237	23
45.3010884347	24
47.2230838997	25
49.1378231287	26
51.0434920627	27
52.9555102037	28
54.8756916097	29
56.7750113377	30
58.6861224487	31
60.6017687067	32
62.5092516997	33
64.4276190467	34
66.3296598637	35
68.2625396817	36
70.1763718817	37
72.0847619047	38
73.9868027207	39
75.9015419497	40
77.8135600907	41
79.7518820857	42
81.6403174597	43
83.5777324257	44
85.4940589567	45
87.4017687067	46
89.3056235827	47
91.2267120177	48
93.1577777777	49
95.0716099767	50
96.9827210877	51
98.8947392287	52
100.80585034	53
102.709705215	54
104.642585034	55
106.552789115	56
108.448480725	57
110.377732426	58
112.261632653	59
114.201768707	60
116.111065759	61
118.0230839	62
119.926031746	63
121.858004535	64
123.78	65
125.701088435	66
127.609478458	67
129.507891156	68
131.409024943	69
133.331927437	70
135.253015873	71
137.160498866	72
139.071609977	73
140.989070295	74
142.905623583	75
144.828526077	76
146.723310657	77
148.638956916	78
150.555510204	79
152.469342403	80
154.383174603	81
156.30154195	82
158.219002267	83
160.137369614	84
162.05755102	85
163.97047619	86
165.877052154	87
167.789727891	88
169.716507936	89
171.619455782	90
173.529659864	91
175.446213152	92
177.359138322	93
179.265714286	94
181.169569161	95
183.090657596	96
185.007210884	97
186.930113379	98
188.848480725	99
190.74984127	100
192.669795918	101
194.576371882	102
196.491111111	103
198.410385487	104
200.321496598	105
202.229886621	106
204.148253968	107
206.070249433	108
207.958684807	109
209.881587301	110
211.806938775	111
213.730113379	112
215.62399093	113
217.55324263	114
219.463446712	115
221.37909297	116
223.29201814	117
225.218888889	118
227.116961451	119
229.04893424	120
230.950068027	121
232.876598639	122
234.773197279	123
236.687936508	124
238.58	125
240.518321995	126
242.429433106	127
244.345986394	128
246.271609977	129
248.165487528	130
250.05845805	131
251.946893424	132
253.799047619	133
255.659365079	134
257.506984127	135
259.426258503	136
262.154603174	137
265.316689342	138
