0.790816326	0
2.775510204	1
4.741043083	2
6.777551020	3
8.758163265	4
10.742857142	5
12.708798185	6
14.677551020	7
16.559183673	8
18.507142857	9
20.490113378	10
22.434240362	11
24.342857142	12
26.295918367	13
28.248979591	14
30.226258503	15
32.151020408	16
34.138027210	17
36.059183673	18
38.010204081	19
39.927551020	20
41.863265306	21
43.802018140	22
45.732653061	23
47.691836734	24
49.643877551	25
51.626054421	26
53.547959183	27
55.510204081	28
57.506349206	29
59.425510204	30
61.383673469	31
63.325510204	32
65.297959183	33
67.242857142	34
69.177551020	35
71.105102040	36
73.068367346	37
75.033673469	38
76.997959183	39
78.994897959	40
80.973469387	41
82.964285714	42
84.933673469	43
86.882653061	44
88.832653061	45
90.736734693	46
92.639795918	47
94.554081632	48
96.477551020	49
98.350000000	50
100.283673469	51
102.175510204	52
104.064285714	53
105.959183673	54
107.871428571	55
109.763265306	56
111.684693877	57
113.611428571	58
115.591836734	59
117.515215419	60
119.494897959	61
121.410204081	62
123.363265306	63
125.302040816	64
127.275510204	65
129.267437641	66
131.265306122	67
133.227188208	68
135.203197278	69
137.145918367	70
139.115941043	71
141.100000000	72
143.068367346	73
145.057619047	74
147.035238095	75
149.042857142	76
151.030612244	77
153.010204081	78
155.011224489	79
156.988095238	80
158.961224489	81
160.947233560	82
162.952653061	83
