0.711655328288	0
6.34226757329	1
14.5657596363	2
15.4848526073	3
30.3049886613	4
32.7909750563	5
35.2624489793	6
37.7165079363	7
40.1734693873	8
42.5883446703	9
45.0119274373	10
47.4268027203	11
49.8489342403	12
52.2971882083	13
54.7526984123	14
57.1893424033	15
59.6216326523	16
62.0481179133	17
64.4967573693	18
66.9557823123	19
69.3993197273	20
71.8309750563	21
74.3036281173	22
76.7594104303	23
79.2178231283	24
81.6675283443	25
84.1274603173	26
86.5741950113	27
89.0313832193	28
91.4750566893	29
93.9276643983	30
96.3628571423	31
98.7995011333	32
101.212925169	33
103.643764172	34
106.062993196	35
108.489478457	36
110.882585033	37
113.31632653	38
115.758775509	39
118.211383219	40
120.65818594	41
123.095306122	42
125.545986394	43
127.994240362	44
130.471473922	45
132.911519274	46
135.336099772	47
137.78340136	48
140.212290249	49
142.663446711	50
145.0754195	51
147.510612244	52
149.92403628	53
152.35632653	54
154.787165532	55
157.19478458	56
159.609659863	57
162.030340135	58
164.46340136	59
166.883310657	60
169.295374149	61
171.718866212	62
174.132290249	63
176.538458049	64
178.947528344	65
181.32031746	66
183.729387754	67
186.116689342	68
188.503605441	69
190.888390022	70
193.300362811	71
195.689115645	72
198.085124716	73
200.471564625	74
202.863424035	75
205.257188208	76
207.647460317	77
210.014376416	78
212.400226757	79
214.797687074	80
217.183469387	81
219.568299319	82
221.939274376	83
224.314965986	84
226.687755101	85
229.047482992	86
231.430430838	87
233.811133786	88
236.184716553	89
238.563310657	90
240.934648525	91
243.323106575	92
245.691836734	93
248.026893423	94
250.38371882	95
252.752154194	96
255.136553287	97
257.51526077	98
259.892290249	99
262.29265306	100
264.684308389	101
267.042585033	102
269.418276643	103
271.793968253	104
274.139183673	105
276.531179138	106
278.916848072	107
281.280770974	108
283.646303854	109
286.00893424	110
288.358503401	111
290.729841269	112
293.098276643	113
295.459206348	114
297.839501133	115
300.251247165	116
