0.194126983862	0
1.83340135986	1
3.47276643986	2
5.13498866186	3
6.74514739186	4
8.40609977286	5
10.0426077089	6
11.6761224489	7
13.2784807249	8
14.9065986389	9
16.5127664399	10
18.1737188209	11
19.7978458049	12
21.4505442169	13
23.0816553279	14
24.7069614509	15
26.3146712009	16
27.9865759629	17
29.6124489789	18
31.2429251699	19
32.8734013599	20
34.5385714279	21
36.1419727889	22
37.7889569159	23
39.4257823129	24
41.0803854869	25
42.6803854869	26
44.3387981859	27
45.9095918359	28
47.5591156459	29
49.2137188209	30
50.8518140589	31
52.4632426299	32
54.1127664399	33
55.7445124709	34
57.3749886619	35
59.0041950109	36
60.6681405889	37
62.2880045349	38
63.9121315189	39
65.5451473919	40
67.1883219949	41
68.8340362809	42
70.4505442169	43
72.0835600899	44
73.7394331059	45
75.3673696139	46
77.0105668929	47
78.6321315189	48
80.2638775509	49
81.8918140589	50
83.5083219949	51
85.1316099769	52
86.8035600899	53
88.4060997729	54
90.0378458049	55
91.6530838999	56
93.3145351469	57
94.9267346939	58
96.5737188209	59
98.1838775509	60
99.8448299319	61
101.486734694	62
103.108321995	63
104.770725623	64
106.392131519	65
107.992131519	66
109.656893424	67
111.281020408	68
112.935623582	69
114.554671201	70
116.182607709	71
117.815623582	72
119.475306122	73
121.0930839	74
122.706575963	75
124.322290249	76
125.951496598	77
127.594671201	78
129.241768707	79
130.874580499	80
132.517845805	81
134.128004535	82
135.778798186	83
137.349591836	84
139.003786848	85
140.649909297	86
142.267687074	87
143.894353741	88
145.532448979	89
147.148956916	90
148.794557823	91
150.426575963	92
152.082562358	93
153.702607709	94
155.374988662	95
156.978684807	96
158.63340136	97
160.244081632	98
161.882585034	99
163.498594104	100
165.141337868	101
166.755306122	102
168.389591836	103
170.018548752	104
171.679750567	105
173.27340136	106
174.915306122	107
176.548321995	108
178.190226757	109
179.834671201	110
181.470226757	111
183.052448979	112
184.717210884	113
186.317210884	114
187.936258503	115
189.594557823	116
191.222607709	117
192.859433106	118
194.492448979	119
196.107687074	120
197.754671201	121
199.385147392	122
201.041020408	123
202.738571428	124
