0.758979591	0
2.077120181	1
3.245124716	2
4.526938775	3
5.703061224	4
6.966916099	5
8.169387755	6
9.405102040	7
10.607142857	8
11.877052154	9
13.052040816	10
14.309138321	11
15.462244897	12
16.701247165	13
17.877551020	14
19.141065759	15
20.324489795	16
21.581133786	17
22.746938775	18
23.981065759	19
25.167346938	20
26.421065759	21
27.624489795	22
28.859183673	23
30.039795918	24
31.270408163	25
32.471428571	26
33.696938775	27
34.884693877	28
36.157052154	29
37.311224489	30
38.557074829	31
39.694897959	32
40.941247165	33
42.082653061	34
43.328571428	35
44.446938775	36
45.693287981	37
46.846938775	38
48.101043083	39
49.256122448	40
50.485079365	41
51.636734693	42
52.877052154	43
53.996938775	44
55.245328798	45
56.396938775	46
57.613083900	47
58.762244897	48
59.947959183	49
61.124489795	50
62.340816326	51
63.505102040	52
64.733265306	53
65.893038548	54
67.069297052	55
68.203061224	56
69.437233560	57
70.613106575	58
71.829092970	59
72.989070294	60
74.197052154	61
75.345918367	62
76.565260770	63
77.741156462	64
78.919387755	65
80.116326530	66
81.341133786	67
82.492857142	68
83.686734693	69
84.861065759	70
86.038140589	71
87.188866213	72
88.390408163	73
89.529591836	74
90.780997732	75
91.829591836	76
93.085079365	77
94.244897959	78
95.428888888	79
96.563265306	80
97.756122448	81
98.970408163	82
100.173378684	83
101.372857142	84
102.556848072	85
103.725079365	86
104.917052154	87
106.072448979	88
107.300929705	89
108.442857142	90
109.670544217	91
110.774489795	92
112.029274376	93
113.152040816	94
114.350839002	95
115.465306122	96
116.653061224	97
117.790816326	98
119.021224489	99
120.172879818	100
121.355102040	101
122.519387755	102
123.748866213	103
124.912244897	104
126.148866213	105
127.294897959	106
128.516870748	107
129.680612244	108
130.874489795	109
132.077120181	110
133.277369614	111
134.387755102	112
135.620839002	113
136.785714285	114
137.996870748	115
139.160204081	116
140.357097505	117
141.519387755	118
142.708866213	119
143.845918367	120
145.069002267	121
146.229024943	122
147.429070294	123
148.540997732	124
149.701043083	125
150.844897959	126
152.021972789	127
153.120408163	128
154.317120181	129
155.476916099	130
156.644875283	131
157.804943310	132
158.973560090	133
160.105464852	134
161.263265306	135
162.382653061	136
163.604920634	137
164.764852607	138
165.916916099	139
167.060884353	140
168.236893424	141
169.375510204	142
170.604852607	143
171.756870748	144
172.916870748	145
174.041836734	146
175.244217687	147
176.380861678	148
177.564920634	149
178.742857142	150
179.932925170	151
181.085306122	152
182.244897959	153
183.390816326	154
184.590544217	155
185.732947845	156
186.864353741	157
188.052040816	158
189.237800453	159
190.417074829	160
191.524852607	161
192.708866213	162
193.877052154	163
195.020929705	164
196.181020408	165
197.356870748	166
198.541043083	167
199.617346938	168
200.791360544	169
201.940861678	170
203.094467120	171
204.228843537	172
205.365102040	173
206.502108843	174
207.676893424	175
208.808707482	176
209.940907029	177
211.116938775	178
212.284875283	179
213.436870748	180
214.620861678	181
215.764875283	182
216.927482993	183
218.060204081	184
219.253083900	185
220.429047619	186
221.556848072	187
222.700861678	188
223.857142857	189
224.991836734	190
226.180952380	191
227.332834467	192
228.508866213	193
229.633673469	194
230.853242630	195
231.949523809	196
233.092947845	197
234.213015873	198
235.372879818	199
236.485034013	200
237.638526077	201
238.797074829	202
239.943877551	203
241.094897959	204
242.307210884	205
243.423469387	206
244.581700680	207
245.748888888	208
246.924943310	209
248.028934240	210
249.196938775	211
250.358798185	212
251.516870748	213
252.670181405	214
253.828866213	215
254.965056689	216
256.093038548	217
257.284875283	218
258.429002267	219
259.555102040	220
260.716326530	221
261.884943310	222
263.020884353	223
264.190090702	224
265.341088435	225
266.494172335	226
267.652925170	227
268.753061224	228
269.928843537	229
271.042380952	230
272.189024943	231
273.310748299	232
274.469024943	233
275.641088435	234
276.788934240	235
277.940861678	236
279.108888888	237
280.237029478	238
281.420839002	239
282.525124716	240
283.629047619	241
284.766485260	242
285.862290249	243
286.993696145	244
288.134489795	245
289.268208616	246
290.412970521	247
291.565079365	248
292.684875283	249
293.812947845	250
294.964897959	251
296.092902494	252
297.220975056	253
298.341133786	254
299.493356009	255
300.612811791	256
301.768707482	257
302.877052154	258
304.020884353	259
305.189047619	260
