31.590816326	0
33.459183673	1
35.286734693	2
37.125510204	3
38.981088435	4
40.766326530	5
42.583673469	6
44.423469387	7
46.278571428	8
48.124489795	9
49.974489795	10
51.808321995	11
53.647959183	12
55.500000000	13
57.333673469	14
59.156122448	15
60.974489795	16
62.844897959	17
64.670408163	18
66.518367346	19
68.369387755	20
70.239795918	21
72.095918367	22
73.961224489	23
75.808072562	24
77.693877551	25
79.541836734	26
81.406122448	27
83.232653061	28
85.096938775	29
86.944897959	30
88.821428571	31
90.662244897	32
92.557142857	33
94.395918367	34
96.264285714	35
98.123469387	36
99.984693877	37
101.822448979	38
103.685714285	39
105.544897959	40
107.405102040	41
109.281632653	42
111.127551020	43
112.992857142	44
114.892857142	45
116.769387755	46
118.640816326	47
120.509183673	48
122.384693877	49
124.251020408	50
126.138775510	51
127.970408163	52
129.840816326	53
131.721428571	54
133.576530612	55
135.416326530	56
137.300000000	57
139.159183673	58
141.009183673	59
142.869387755	60
144.730612244	61
146.586734693	62
148.433673469	63
150.318367346	64
152.167346938	65
154.012244897	66
155.872448979	67
157.732653061	68
159.612176870	69
161.476530612	70
163.368367346	71
165.221428571	72
167.116326530	73
169.001020408	74
170.881632653	75
172.772448979	76
174.653061224	77
176.511224489	78
178.402040816	79
180.259183673	80
182.120408163	81
183.955102040	82
185.797959183	83
187.659183673	84
189.557142857	85
191.415306122	86
193.266326530	87
195.100000000	88
196.979591836	89
198.841836734	90
200.693877551	91
202.553061224	92
204.409183673	93
206.265306122	94
208.148548752	95
209.977551020	96
211.859183673	97
213.729591836	98
215.612176870	99
217.472448979	100
219.360204081	101
221.247959183	102
223.137755102	103
225.014285714	104
226.916326530	105
228.797959183	106
230.690816326	107
232.558163265	108
234.424489795	109
236.259183673	110
238.124489795	111
239.952040816	112
241.811224489	113
243.664285714	114
245.551020408	115
247.381632653	116
249.271428571	117
251.133537414	118
253.002040816	119
254.869387755	120
256.781632653	121
258.651020408	122
260.513265306	123
262.353061224	124
264.255102040	125
266.132131519	126
267.992857142	127
269.876530612	128
271.744897959	129
273.614852607	130
275.452040816	131
277.294897959	132
279.115306122	133
281.004081632	134
282.872448979	135
284.733242630	136
286.555102040	137
288.377551020	138
290.236213151	139
292.108208616	140
293.955102040	141
295.828095238	142
297.679591836	143
299.530612244	144
301.358163265	145
303.191836734	146
305.052176870	147
306.900725623	148
308.728571428	149
310.539795918	150
312.379591836	151
314.205102040	152
316.013265306	153
317.824489795	154
319.679591836	155
321.529591836	156
323.336734693	157
325.194897959	158
327.044897959	159
328.861224489	160
330.690816326	161
332.488775510	162
334.318367346	163
336.123469387	164
337.941836734	165
339.769387755	166
