1.48714285677	0
2.53476190377	1
3.56151927377	2
4.55108843477	3
5.63498866177	4
6.60188208577	5
7.63226757277	6
8.64541950077	7
9.67399092877	8
10.6472335598	9
11.6594784578	10
12.6544897958	11
13.6821541948	12
14.6735374148	13
15.7102721088	14
16.7125396818	15
17.7057369608	16
18.7415646258	17
19.7810204078	18
20.7914512468	19
21.7997505668	20
22.8238321988	21
23.8327210878	22
24.8649206348	23
25.8717233558	24
26.8903174598	25
27.9052834458	26
28.9102721088	27
29.9037188208	28
30.9437641718	29
31.9597732418	30
32.9737641718	31
33.9950793648	32
34.9963945578	33
36.0159410428	34
37.0408843528	35
38.0603854868	36
39.0789795918	37
40.0948526068	38
41.1188888888	39
42.1429251698	40
43.1669614508	41
44.1801133778	42
45.1742176868	43
46.1937188208	44
47.2300680268	45
48.2398412698	46
49.2495011338	47
50.3037641718	48
51.3184353738	49
52.3288662128	50
53.3529024938	51
54.3861904758	52
55.3946258498	53
56.4158956908	54
57.4517687068	55
58.4667346938	56
59.4980272108	57
60.5140589568	58
61.5406575958	59
62.5610657588	60
63.6005215418	61
64.6200226748	62
65.6449659858	63
66.6535827658	64
67.6685487528	65
68.6798866208	66
69.6603854868	67
70.7052834458	68
71.6785260768	69
72.6644671198	70
73.6739909288	71
74.6590249428	72
75.6767120178	73
76.6557369608	74
77.6558503398	75
78.6807936508	76
79.6963945578	77
80.7117687068	78
81.7357369608	79
82.7551700678	80
83.7792063488	81
84.7838095238	82
85.7937188208	83
86.7950793648	84
87.8398866208	85
88.8331746028	86
89.8553968248	87
90.8957596368	88
91.9188888888	89
92.9438095238	90
93.9923809518	91
94.9973469388	92
96.0397505668	93
97.0797505668	94
98.1278231288	95
99.1751247158	96
100.203696145	97
101.240430839	98
102.265374149	99
103.294852607	100
104.336122449	101
105.367732426	102
106.399773242	103
107.453832199	104
108.483673469	105
109.487142857	106
110.52569161	107
111.541564626	108
112.583764172	109
113.591451247	110
114.644512471	111
115.657664399	112
116.727052154	113
117.751768707	114
118.777845805	115
119.816394558	116
120.85494331	117
121.878888889	118
122.900294784	119
123.937936508	120
125.009138322	121
126.045873016	122
127.069002267	123
128.085782313	124
129.110725623	125
130.155623582	126
131.184195011	127
132.217301587	128
