0.225510204	0
3.020408163	1
5.876530612	2
8.605895691	3
11.348435374	4
14.013854875	5
16.791428571	6
19.541836734	7
22.141859410	8
24.876530612	9
27.628571428	10
30.259183673	11
32.850000000	12
35.471428571	13
38.090816326	14
40.717346938	15
43.349886621	16
46.002040816	17
48.587755102	18
51.221428571	19
53.844897959	20
56.419387755	21
59.024489795	22
61.647959183	23
64.191836734	24
66.829931972	25
69.483673469	26
72.109818594	27
74.675510204	28
77.304081632	29
79.901020408	30
82.477981859	31
85.046054421	32
87.613854875	33
90.189795918	34
92.700000000	35
95.211224489	36
97.795918367	37
100.373877551	38
102.906122448	39
105.463265306	40
107.987755102	41
110.553061224	42
113.105102040	43
115.692040816	44
118.226530612	45
120.795918367	46
123.370408163	47
125.907142857	48
128.438775510	49
131.030884353	50
133.571428571	51
136.189795918	52
138.783106575	53
141.302040816	54
143.909841269	55
146.517324263	56
149.076530612	57
151.671428571	58
154.285850340	59
156.807165532	60
159.349841269	61
161.869818594	62
164.463265306	63
167.045963718	64
169.570408163	65
172.102040816	66
174.621428571	67
177.102040816	68
179.580612244	69
182.085850340	70
184.519387755	71
186.978571428	72
189.388775510	73
191.847301587	74
194.212244897	75
196.686235827	76
199.176530612	77
201.639659863	78
204.005102040	79
206.453854875	80
208.879297052	81
211.256122448	82
213.672448979	83
216.118117913	84
218.485827664	85
220.873469387	86
223.266326530	87
225.701020408	88
228.085714285	89
230.473469387	90
232.874489795	91
235.308163265	92
237.687755102	93
240.106122448	94
242.509931972	95
244.909863945	96
247.302040816	97
249.685986394	98
252.102040816	99
254.508163265	100
256.951269841	101
259.370408163	102
261.853854875	103
