0.724489795	0
2.840816326	1
4.908163265	2
7.034693877	3
9.079591836	4
11.117233560	5
13.124489795	6
15.123469387	7
17.112244897	8
19.109274376	9
21.132653061	10
23.135714285	11
25.087755102	12
27.076530612	13
29.082312925	14
31.093310657	15
33.069297052	16
35.045260770	17
37.054081632	18
39.017346938	19
41.023469387	20
42.957142857	21
44.970408163	22
46.957301587	23
48.945918367	24
50.909183673	25
52.896938775	26
54.903061224	27
56.886734693	28
58.877551020	29
60.886734693	30
62.885419501	31
64.877551020	32
66.854081632	33
68.838526077	34
70.808163265	35
72.812244897	36
74.814852607	37
76.805102040	38
78.829297052	39
80.791836734	40
82.773265306	41
84.731632653	42
86.709183673	43
88.691836734	44
90.661247165	45
92.603061224	46
94.572448979	47
96.541904761	48
98.511224489	49
100.496938775	50
102.442857142	51
104.409183673	52
106.361224489	53
108.317346938	54
110.350884353	55
112.349251700	56
114.357142857	57
116.333310657	58
118.339795918	59
120.317278911	60
122.293877551	61
124.352040816	62
126.429591836	63
128.553061224	64
130.642857142	65
132.764285714	66
134.824489795	67
136.985714285	68
139.050000000	69
141.161224489	70
143.211224489	71
145.341836734	72
147.407845804	73
