0.396938775	0
1.816326530	1
3.203061224	2
4.585714285	3
5.986099773	4
7.398979591	5
8.871428571	6
10.281836734	7
11.713832199	8
13.162199546	9
14.625873015	10
16.046938775	11
17.473990929	12
18.896598639	13
20.361836734	14
21.777891156	15
23.186077097	16
24.585827664	17
26.073900226	18
27.513922902	19
28.941836734	20
30.347188208	21
31.769886621	22
33.169841269	23
34.601020408	24
36.018208616	25
37.455759637	26
38.867052154	27
40.257868480	28
41.668639455	29
43.074081632	30
44.477687074	31
45.938662131	32
47.322086167	33
48.761882086	34
50.137845804	35
51.569841269	36
52.970113378	37
54.377845804	38
55.786077097	39
57.202063492	40
58.600000000	41
60.026031746	42
61.450657596	43
62.881859410	44
64.321904761	45
65.708163265	46
67.169841269	47
68.593968253	48
69.998979591	49
71.458072562	50
72.865918367	51
74.281882086	52
75.665873015	53
77.076530612	54
78.484693877	55
79.881904761	56
81.252040816	57
82.658163265	58
84.075510204	59
85.480612244	60
86.892902494	61
88.281836734	62
89.634693877	63
91.009841269	64
92.378571428	65
93.770136054	66
95.129886621	67
96.488775510	68
97.801836734	69
99.161836734	70
100.529818594	71
101.853061224	72
103.185873015	73
104.572448979	74
105.956122448	75
107.321904761	76
108.682040816	77
110.046802721	78
111.421428571	79
112.753061224	80
114.113854875	81
115.452040816	82
116.802222222	83
117.489455782	84
118.793492063	85
120.169410430	86
121.505419501	87
122.858934240	88
124.265986394	89
125.622448979	90
127.025555555	91
128.383673469	92
129.791836734	93
131.169614512	94
132.553628117	95
133.960204081	96
135.329546485	97
136.761632653	98
138.062244897	99
139.417732426	100
140.809546485	101
142.217346938	102
143.641972789	103
145.028571428	104
146.427551020	105
147.824489795	106
149.185736961	107
150.555102040	108
151.937596371	109
153.337619047	110
154.737551020	111
156.113764172	112
157.473582766	113
158.898480725	114
160.277324263	115
161.637981859	116
163.049569160	117
164.441564625	118
165.841587301	119
167.228571428	120
168.593537414	121
169.961609977	122
171.289750566	123
172.657573696	124
174.034852607	125
175.370408163	126
176.713560090	127
178.017346938	128
179.402108843	129
180.774489795	130
182.156077097	131
183.553560090	132
184.953900226	133
186.353696145	134
187.736734693	135
189.161315192	136
190.545555555	137
191.908163265	138
193.361564625	139
194.754081632	140
196.161723356	141
197.538911564	142
198.929546485	143
200.273854875	144
201.625600907	145
202.989795918	146
204.394557823	147
205.809637188	148
207.169614512	149
208.566190476	150
209.953900226	151
211.329569160	152
212.666326530	153
214.057551020	154
215.421473922	155
216.785532879	156
218.145600907	157
219.477551020	158
220.783673469	159
222.160430839	160
223.476530612	161
224.809841269	162
226.178888888	163
227.512244897	164
228.857619047	165
230.206122448	166
231.593560090	167
232.937845804	168
234.290294784	169
235.642857142	170
236.977800453	171
238.353945578	172
239.729569160	173
241.106122448	174
242.481564625	175
243.857777777	176
245.230612244	177
246.601768707	178
247.965306122	179
249.230612244	180
250.577573696	181
251.850000000	182
253.177823129	183
254.513582766	184
255.809569160	185
257.128571428	186
258.497619047	187
259.792857142	188
261.083673469	189
262.390816326	190
263.703061224	191
264.915306122	192
266.233900226	193
267.571428571	194
268.945600907	195
270.305873015	196
271.628344671	197
272.907142857	198
274.278571428	199
275.567346938	200
276.929773242	201
278.233560090	202
279.546938775	203
280.865623582	204
282.210204081	205
283.502040816	206
284.825691609	207
286.106122448	208
287.313560090	209
288.607142857	210
289.937641723	211
291.266326530	212
292.625600907	213
293.953673469	214
295.305918367	215
296.666054421	216
298.033650793	217
299.397959183	218
300.769614512	219
302.119387755	220
303.473537414	221
304.825532879	222
306.182653061	223
307.553741496	224
308.921564625	225
310.297755102	226
311.681746031	227
313.049818594	228
314.366326530	229
315.722448979	230
317.050000000	231
318.406281179	232
319.744897959	233
321.086734693	234
322.417551020	235
323.769637188	236
