0.23641723283	0
1.51133786783	1
2.77863945483	2
4.05609977283	3
5.28367346883	4
6.52721088383	5
7.77673469383	6
9.02625850283	7
10.2668934238	8
11.5410657588	9
12.7773696138	10
14.0484807248	11
15.3259410428	12
16.5487981858	13
17.8116553278	14
19.0756689338	15
20.3176870748	16
21.5735600898	17
22.8230838998	18
24.0918140588	19
25.3076870748	20
26.4679591828	21
27.7156689338	22
28.9640362808	23
30.1957823128	24
31.4516326528	25
32.7456235818	26
33.9913378678	27
35.2391609968	28
36.5561224488	29
37.7729251698	30
39.0262585028	31
40.3229478448	32
41.5717687068	33
42.7938775508	34
44.0596825388	35
45.2996598638	36
46.5796371878	37
47.8186394548	38
49.0465759628	39
50.2503854868	40
51.4884807248	41
52.7396825388	42
53.9718594098	43
55.2268934238	44
56.5335600898	45
57.7640362808	46
59.0275283438	47
60.2580045348	48
61.5477324258	49
62.7519727888	50
64.0002267568	51
65.2446712008	52
66.4129251698	53
67.6472108838	54
68.8954648518	55
70.1310204078	56
71.3653061218	57
72.5843537408	58
73.8072108838	59
75.0148299318	60
76.2491156458	61
77.5121315188	62
78.7464625848	63
80.0117687068	64
81.2560090698	65
82.5580498858	66
83.7901587298	67
85.0338775508	68
86.3200680268	69
87.4647165528	70
88.6358730158	71
89.9448979588	72
91.1595918358	73
92.4264172328	74
93.5744671198	75
94.8036734688	76
96.1440816318	77
97.2838548748	78
98.5043537408	79
99.6929251698	80
100.99201814	81
102.215192743	82
103.496054421	83
104.737460317	84
106.00585034	85
107.232154195	86
108.504897959	87
109.728299319	88
110.974920635	89
112.208049886	90
113.446394557	91
114.696235827	92
115.960748299	93
117.142721088	94
118.36031746	95
119.589523809	96
120.88	97
122.119977324	98
123.336643991	99
124.56585034	100
125.848185941	101
127.066349206	102
128.330385487	103
129.581360544	104
130.840068027	105
132.047029478	106
133.296054421	107
134.52	108
135.741904762	109
137.01356009	110
138.264013605	111
139.523696145	112
140.771927437	113
142.039954648	114
143.295941043	115
144.524852607	116
145.740997732	117
146.992063492	118
148.240022675	119
149.528163265	120
150.792040816	121
152.032448979	122
153.336712018	123
154.632494331	124
155.936190476	125
157.233038548	126
158.544240362	127
159.813741496	128
161.13340136	129
162.408027211	130
163.680022675	131
165.0161678	132
166.335986394	133
167.623945578	134
168.921768707	135
170.280249433	136
171.656213152	137
172.937369614	138
174.312131519	139
175.607981859	140
176.960204081	141
178.296077097	142
179.656938775	143
181.032358276	144
182.344104308	145
183.672199546	146
185.00478458	147
186.360045351	148
187.720294784	149
189.040136054	150
190.365374149	151
191.704172335	152
193.144081632	153
