0.647959183	0
2.973469387	1
5.318367346	2
7.692607709	3
9.991836734	4
12.305215419	5
14.622448979	6
16.928571428	7
19.236734693	8
21.526530612	9
23.823469387	10
26.136734693	11
28.395918367	12
30.700000000	13
32.945918367	14
35.210204081	15
37.466326530	16
39.726530612	17
42.006122448	18
44.270408163	19
46.580612244	20
48.892857142	21
51.147959183	22
53.405102040	23
55.660204081	24
57.961224489	25
60.304784580	26
62.533673469	27
64.810204081	28
67.066326530	29
69.310204081	30
71.561111111	31
73.806122448	32
76.062244897	33
78.358163265	34
80.618367346	35
82.877551020	36
85.176961451	37
87.479591836	38
89.817346938	39
92.052040816	40
94.378571428	41
96.691836734	42
99.000000000	43
101.280612244	44
103.582653061	45
105.851020408	46
108.184693877	47
110.459183673	48
112.750000000	49
115.010204081	50
117.298979591	51
119.574489795	52
121.852040816	53
124.127551020	54
126.415306122	55
128.674489795	56
130.939795918	57
133.204081632	58
135.469387755	59
137.734693877	60
140.013265306	61
142.300000000	62
144.586734693	63
146.792857142	64
149.060204081	65
151.342857142	66
153.584875283	67
155.783673469	68
158.058163265	69
160.304081632	70
162.558163265	71
164.785170068	72
167.002040816	73
169.264807256	74
171.496780045	75
173.720816326	76
