0.941541949902	0
1.9516099769	1
4.0163718819	2
6.0648072559	3
8.0871201809	4
10.1246712009	5
12.1426303849	6
13.1737414959	7
15.1303854869	8
17.1156916099	9
18.1279365079	10
20.1295691609	11
22.1540589569	12
23.1401814049	13
25.1526984119	14
27.1750113369	15
29.1818140589	16
31.1380045349	17
33.1624943309	18
35.1456235819	19
37.1777324259	20
39.1739229019	21
41.1668480719	22
43.1826303849	23
45.1799092969	24
47.1894331059	25
49.1973242629	26
51.2131065759	27
53.1984126979	28
55.1804535139	29
57.1526984119	30
59.1195011329	31
61.0993650789	32
63.1107936499	33
65.1414739229	34
67.1494784579	35
69.1407256229	36
71.1314739229	37
73.1243990929	38
75.1314739229	39
77.1396371879	40
79.1238548749	41
81.1095011329	42
83.0912018139	43
85.0863038539	44
87.0694331059	45
89.0003174599	46
91.0063038539	47
92.9665759629	48
94.9214058949	49
96.8860317459	50
98.8147392289	51
100.78154195	52
102.716780045	53
104.685759637	54
106.661428571	55
107.669682539	56
109.621405895	57
111.597505669	58
113.552154195	59
115.549433106	60
116.513786848	61
118.501451247	62
120.477482993	63
122.469546485	64
124.449569161	65
126.423990929	66
128.414739229	67
130.365215419	68
132.348344671	69
134.295555555	70
