1.41460317386	0
3.85396825386	1
6.29129251686	2
8.73396825386	3
11.1453968249	4
13.5898412689	5
16.0304761899	6
18.4749206349	7
20.9028571429	8
23.3409523809	9
25.7701587299	10
28.1980952379	11
30.6425396819	12
33.0793650789	13
35.5111111109	14
37.9504761899	15
40.3530158729	16
42.8241269839	17
45.2342857139	18
47.6876190469	19
50.1282539679	20
52.5638095229	21
54.9879365079	22
57.4209523809	23
59.8653968249	24
62.2946031739	25
64.7314285709	26
67.1822222219	27
69.6076190469	28
72.0317460309	29
74.4755102039	30
76.9072562349	31
79.3447619039	32
81.7904761899	33
84.2171428569	34
86.6577777769	35
89.0679365079	36
91.5232653059	37
93.9377777769	38
96.3822222219	39
98.8228571429	40
101.227936508	41
103.674920635	42
106.106666666	43
108.538412698	44
110.976507936	45
113.41941043	46
115.847619047	47
118.281904762	48
120.721269841	49
123.165714285	50
125.594920635	51
128.027278911	52
130.453333333	53
132.899047619	54
135.326984127	55
137.754920635	56
140.185396825	57
142.632380952	58
145.055238095	59
147.499319728	60
149.936507936	61
152.358095238	62
154.805079365	63
157.235555555	64
159.668571428	65
162.095238095	66
164.540952381	67
166.973968254	68
169.406984127	69
171.843378684	70
174.283174603	71
176.715464852	72
179.149206349	73
181.587324263	74
184.015238095	75
186.459319728	76
188.888888889	77
191.326984127	78
193.758730158	79
196.18723356	80
198.645079365	81
201.055238095	82
203.507369614	83
205.931428571	84
