0.515306122	0
2.474965986	1
4.442902494	2
6.388775510	3
8.371428571	4
10.347959183	5
12.323469387	6
14.287755102	7
16.298979591	8
18.242947845	9
20.203015873	10
22.146938775	11
24.085714285	12
26.084421768	13
28.088775510	14
30.062244897	15
32.085714285	16
34.077551020	17
36.056122448	18
38.068594104	19
40.058956916	20
42.054081632	21
44.035714285	22
46.002902494	23
48.010907029	24
50.018367346	25
52.043151927	26
54.042857142	27
56.047959183	28
58.068367346	29
60.123469387	30
62.138888888	31
64.184693877	32
66.203106575	33
68.248979591	34
70.245918367	35
72.250952380	36
74.266326530	37
76.316326530	38
78.356122448	39
80.392857142	40
82.490816326	41
84.518367346	42
86.520408163	43
88.558163265	44
90.605102040	45
92.597959183	46
94.638775510	47
96.690907029	48
98.712244897	49
100.734693877	50
102.803061224	51
104.838344671	52
106.898979591	53
108.947959183	54
111.002925170	55
113.058979591	56
115.122448979	57
117.141836734	58
119.221428571	59
121.306916099	60
