0.227551020	0
1.485714285	1
2.716326530	2
3.933673469	3
5.143469387	4
6.339047619	5
7.574489795	6
8.765306122	7
10.020408163	8
11.309183673	9
12.555102040	10
13.793877551	11
15.027551020	12
16.294897959	13
17.567346938	14
18.790816326	15
20.017346938	16
21.282653061	17
22.458163265	18
23.680612244	19
24.897959183	20
26.159455782	21
27.455102040	22
28.668367346	23
29.895918367	24
31.143537414	25
32.453061224	26
33.687913832	27
34.914285714	28
36.141836734	29
37.365306122	30
38.599070294	31
39.779591836	32
41.013265306	33
42.220408163	34
43.450000000	35
44.752698412	36
46.001020408	37
47.223129251	38
48.487755102	39
49.791179138	40
51.056326530	41
52.279115646	42
53.526530612	43
54.820408163	44
56.050000000	45
57.303560090	46
58.576031746	47
59.925510204	48
61.176530612	49
62.420408163	50
63.707142857	51
65.039795918	52
66.303083900	53
67.503061224	54
68.740816326	55
69.989795918	56
71.226530612	57
72.470408163	58
73.705102040	59
74.921428571	60
76.154081632	61
77.391043083	62
78.639297052	63
79.864285714	64
81.091836734	65
82.328571428	66
83.573469387	67
84.823469387	68
86.079410430	69
87.305102040	70
88.525510204	71
89.775034013	72
91.016326530	73
92.240816326	74
93.487188208	75
94.735011337	76
95.942857142	77
97.217346938	78
98.448979591	79
99.695192743	80
100.935056689	81
102.175034013	82
103.447120181	83
104.727120181	84
105.983038548	85
107.199092970	86
108.471201814	87
109.755102040	88
111.006122448	89
112.271065759	90
113.592199546	91
114.903242630	92
116.175306122	93
117.400000000	94
118.675510204	95
119.948979591	96
121.207301587	97
122.460204081	98
123.743061224	99
125.031451247	100
126.295374149	101
127.516326530	102
128.750000000	103
130.025963718	104
131.271428571	105
132.531519274	106
133.775532879	107
135.031519274	108
136.271179138	109
137.536734693	110
