0.382222221338	0
4.39637188134	1
8.41068027134	2
12.3912925163	3
16.3648072553	4
20.3818594103	5
24.4192290243	6
28.3706802713	7
32.3314285713	8
36.3789795913	9
40.3902040813	10
44.4348299313	11
48.3836734693	12
52.3775056683	13
56.3873015863	14
60.3767800453	15
64.3648072553	16
68.3787074823	17
72.3401133783	18
76.3811337863	19
80.3787981853	20
84.3818594103	21
88.3873015863	22
92.3840362803	23
96.3880272103	24
100.386213151	25
104.386916099	26
108.37387755	27
112.385124716	28
116.384829931	29
120.385850339	30
124.382585033	31
128.380770974	32
132.385895691	33
136.390204081	34
140.386938775	35
144.386689342	36
148.394693877	37
152.378730158	38
156.382585033	39
160.386575963	40
164.378866212	41
168.388752834	42
172.386938775	43
176.386575963	44
180.383310657	45
184.387301586	46
188.37648526	47
192.389478457	48
196.387664398	49
200.368435373	50
204.384308389	51
208.384376416	52
212.384761904	53
216.396009069	54
220.375328797	55
224.385124716	56
228.390566893	57
232.371337868	58
236.375124716	59
240.393832199	60
244.383310657	61
248.377142856	62
252.389841269	63
256.383673469	64
260.38185941	65
264.384535147	66
268.385487528	67
272.38802721	68
276.389115645	69
280.388752834	70
284.385487528	71
288.38802721	72
292.387664398	73
296.390204081	74
300.388390022	75
304.396734693	76
