0.22095238	0
2.786031746	1
5.293968253	2
7.861587301	3
10.365714285	4
12.92063492	5
15.438730158	6
18.002539682	7
20.48	8
23.073015873	9
25.583492063	10
28.146031746	11
30.655238095	12
33.217777777	13
35.728956916	14
38.292063492	15
40.796190476	16
43.366349206	17
45.874285714	18
48.435555555	19
50.947029478	20
53.497528344	21
56.016575963	22
58.576734693	23
61.09079365	24
63.644897959	25
66.166349206	26
68.722539682	27
71.235555555	28
73.803174603	29
76.311111111	30
78.877460317	31
81.387936507	32
83.895873015	33
86.46095238	34
89.024761904	35
91.532698412	36
94.096553287	37
96.646349206	38
99.184535147	39
101.672766439	40
104.240680272	41
106.758095238	42
109.319365079	43
111.824240362	44
114.384535147	45
116.899047619	46
119.462857142	47
121.977142857	48
124.54430839	49
127.047619047	50
129.615238095	51
132.119365079	52
134.680544217	53
137.182222222	54
139.749841269	55
142.265396825	56
144.829206349	57
147.343492063	58
149.895873015	59
152.408730158	60
154.976916099	61
157.489523809	62
160.048820861	63
162.557460317	64
165.12	65
167.636825396	66
170.189206349	67
172.712312925	68
175.263492063	69
177.784331065	70
180.347936507	71
182.858412698	72
185.421972789	73
187.928276643	74
190.484013605	75
193.008276643	76
195.564444444	77
198.081269841	78
200.640294784	79
203.159365079	80
205.721904761	81
208.229841269	82
210.793650793	83
213.305396825	84
215.867936507	85
218.375873015	86
220.936757369	87
223.453968253	88
226.006349206	89
228.524444444	90
231.086984126	91
233.597460317	92
236.152653061	93
238.709841269	94
