2.19433106534	0
4.81070294734	1
7.43326530534	2
10.0576870743	3
12.7484807253	4
15.3569387753	5
18.0490476183	6
20.6697505663	7
23.3369614503	8
26.0119727883	9
28.6339909293	10
31.2500680263	11
33.9223129243	12
36.5440362803	13
39.2170521533	14
41.8665079363	15
44.4945124713	16
47.1529931963	17
49.8252154193	18
52.4589569153	19
55.1180045343	20
57.7554648523	21
60.3916553283	22
63.0265759633	23
65.6729024933	24
68.3128798183	25
70.9611111103	26
73.6169160993	27
76.2824489793	28
78.9110204073	29
81.5548752833	30
84.2024489793	31
86.8589569153	32
89.5192743763	33
92.1612471653	34
94.8088888883	35
97.4481632643	36
100.099591836	37
102.745192743	38
105.406258503	39
108.06403628	40
110.70403628	41
113.361405895	42
116.006893423	43
118.626575963	44
121.286893423	45
123.957369614	46
126.592902493	47
129.214512471	48
131.869750566	49
134.532607709	50
137.172607709	51
139.815147391	52
142.481065759	53
145.131972788	54
147.777052153	55
150.429750566	56
153.062131518	57
155.713310657	58
158.358639455	59
161.016984126	60
163.65387755	61
166.314195011	62
168.964353741	63
171.606893423	64
174.254512471	65
176.885623582	66
179.512925169	67
182.192290249	68
184.827210884	69
187.513378684	70
190.165623582	71
192.784852607	72
195.448956915	73
198.092698412	74
200.745238094	75
203.37111111	76
206.008888888	77
208.681179137	78
211.322312924	79
213.975147391	80
216.629115645	81
219.306757369	82
221.934512471	83
224.559274376	84
227.218526076	85
229.867210884	86
232.505011337	87
235.16371882	88
237.821496598	89
240.488163264	90
243.123083899	91
245.73387755	92
248.398004534	93
251.057732425	94
253.696916099	95
256.353151927	96
258.982789115	97
261.641088435	98
264.291337868	99
266.969433106	100
269.624875283	101
