1.507619047	1
3.232653061	2
5.316326530	3
8.495918367	4
10.045056689	5
11.579727891	6
13.091700680	7
14.622448979	8
16.148458049	9
17.669387755	10
19.183673469	11
20.683673469	12
22.175510204	13
23.693877551	14
25.212108843	15
26.691836734	16
28.204081632	17
29.747573696	18
31.275850340	19
32.787596371	20
34.315736961	21
35.835555555	22
37.396712018	23
38.869387755	24
40.381632653	25
41.911133786	26
43.443786848	27
44.924489795	28
46.435850340	29
47.926530612	30
49.459591836	31
50.926530612	32
52.428571428	33
53.944897959	34
55.469024943	35
56.951020408	36
58.460090702	37
59.964195011	38
61.507777777	39
62.997959183	40
64.497959183	41
66.015079365	42
67.522448979	43
69.035578231	44
70.557074829	45
72.043968253	46
73.565102040	47
75.018367346	48
76.571655328	49
78.059591836	50
79.592108843	51
81.099569160	52
82.612244897	53
84.175895691	54
85.628571428	55
87.147755102	56
88.701201814	57
90.251791383	58
91.763265306	59
93.411632653	60
95.035782312	61
96.602040816	62
98.187596371	63
99.730612244	64
101.251020408	65
102.838775510	66
104.327210884	67
105.785714285	68
107.291609977	69
108.837052154	70
110.336734693	71
111.827755102	72
113.371564625	73
114.891609977	74
116.393015873	75
117.883628117	76
119.411632653	77
120.899569160	78
122.419591836	79
123.910204081	80
125.419614512	81
126.939659863	82
128.491723356	83
129.942857142	84
131.473469387	85
133.012244897	86
134.548367346	87
136.019750566	88
137.507641723	89
139.011632653	90
140.489795918	91
142.011723356	92
143.523764172	93
145.012176870	94
146.516122448	95
147.988253968	96
149.467596371	97
150.987596371	98
152.469387755	99
153.975510204	100
155.483560090	101
156.987596371	102
158.507596371	103
160.017120181	104
161.523673469	105
163.011587301	106
164.516825396	107
166.021315192	108
167.523537414	109
169.051632653	110
170.547868480	111
172.067641723	112
173.579591836	113
175.115623582	114
176.635827664	115
178.131746031	116
179.611700680	117
181.139591836	118
182.627596371	119
184.115555555	120
185.643628117	121
187.134693877	122
188.619705215	123
190.147596371	124
191.652312925	125
193.147664399	126
194.679160997	127
196.187596371	128
197.707573696	129
199.203650793	130
200.747573696	131
202.235578231	132
203.795600907	133
205.283832199	134
206.788027210	135
208.315600907	136
209.819591836	137
211.331700680	138
212.867573696	139
214.363560090	140
215.902040816	141
217.379591836	142
218.900000000	143
220.475532879	144
