0.480612244	0
2.445918367	1
4.378571428	2
6.335714285	3
8.300022675	4
10.255102040	5
12.182653061	6
14.131632653	7
16.092018140	8
18.039795918	9
19.981632653	10
21.906122448	11
23.823469387	12
25.750702947	13
27.646938775	14
29.540816326	15
31.468095238	16
33.371995464	17
35.291995464	18
37.197346938	19
39.132335600	20
41.036077097	21
42.996938775	22
44.905102040	23
46.833015873	24
48.755963718	25
50.660204081	26
52.559183673	27
54.486734693	28
56.404240362	29
58.331632653	30
60.245351473	31
62.188775510	32
64.104081632	33
66.053061224	34
67.964013605	35
69.888775510	36
71.816326530	37
73.744897959	38
75.666326530	39
77.582653061	40
79.523469387	41
81.460204081	42
83.406712018	43
85.347959183	44
87.294897959	45
89.259183673	46
91.224489795	47
93.198730158	48
95.158798185	49
97.151473922	50
99.112244897	51
101.094897959	52
103.068367346	53
105.062471655	54
107.021292517	55
108.998548752	56
110.966326530	57
112.928571428	58
114.891836734	59
116.871428571	60
118.830612244	61
120.800000000	62
122.758594104	63
124.727505668	64
126.718548752	65
128.690816326	66
130.645918367	67
132.606530612	68
134.589795918	69
136.556122448	70
138.542517006	71
140.538775510	72
142.521428571	73
144.498979591	74
146.486439909	75
148.451020408	76
150.428571428	77
152.413265306	78
154.373469387	79
156.345918367	80
158.312244897	81
160.293877551	82
162.270408163	83
164.251020408	84
166.216326530	85
168.195918367	86
170.155102040	87
172.120408163	88
174.084693877	89
176.068367346	90
178.030544217	91
180.008163265	92
181.966485260	93
183.937755102	94
185.887755102	95
187.823605442	96
189.782494331	97
191.746938775	98
193.720408163	99
195.686553287	100
197.658163265	101
199.646734693	102
201.629591836	103
203.585714285	104
205.577551020	105
207.574489795	106
209.559183673	107
211.531632653	108
213.535668934	109
215.532653061	110
217.507142857	111
219.507142857	112
221.478775510	113
223.479591836	114
225.459183673	115
227.443877551	116
229.437755102	117
231.436734693	118
233.416326530	119
235.415306122	120
237.406122448	121
239.399501133	122
241.383673469	123
243.359183673	124
245.340816326	125
247.326507936	126
249.306122448	127
251.289274376	128
253.263514739	129
255.241836734	130
257.217346938	131
259.190816326	132
261.153061224	133
263.138775510	134
265.110204081	135
267.074489795	136
269.047959183	137
271.012244897	138
272.974920634	139
274.957142857	140
276.945918367	141
278.934671201	142
280.919070294	143
282.916326530	144
284.922448979	145
286.926507936	146
288.926848072	147
290.918367346	148
292.904081632	149
294.911224489	150
296.904081632	151
298.888775510	152
300.871428571	153
302.856122448	154
304.829591836	155
306.805102040	156
308.789795918	157
310.789795918	158
312.784693877	159
314.780612244	160
316.770408163	161
318.768684807	162
320.742857142	163
322.742517006	164
324.736734693	165
326.734693877	166
328.732653061	167
330.731632653	168
332.726530612	169
334.719115646	170
336.713265306	171
338.710566893	172
340.703061224	173
342.692857142	174
344.687755102	175
346.669387755	176
348.670408163	177
350.667346938	178
352.655102040	179
354.643877551	180
356.638503401	181
358.657142857	182
360.669387755	183
362.674489795	184
364.665306122	185
366.674489795	186
368.678458049	187
370.657142857	188
372.663265306	189
374.664285714	190
376.647959183	191
378.634693877	192
380.654557823	193
382.659183673	194
384.659183673	195
386.654920634	196
388.641836734	197
390.644195011	198
392.638458049	199
394.624489795	200
396.606689342	201
398.609183673	202
400.601020408	203
402.598503401	204
404.593877551	205
406.584693877	206
408.582653061	207
410.554081632	208
