1.143877551	0
3.618367346	1
5.558163265	2
7.470408163	3
9.366031746	4
11.254195011	5
13.153061224	6
15.019387755	7
16.878208616	8
18.762244897	9
20.644897959	10
22.573990929	11
24.347959183	12
26.273469387	13
28.158004535	14
30.070408163	15
31.994897959	16
33.894693877	17
35.750204081	18
37.622448979	19
39.502040816	20
41.377551020	21
43.253061224	22
45.182653061	23
46.950045351	24
48.878185941	25
50.784693877	26
52.667346938	27
54.539229024	28
56.422040816	29
58.294897959	30
60.182018140	31
62.091836734	32
63.978571428	33
65.894058956	34
67.775510204	35
69.654058956	36
71.542063492	37
73.428571428	38
75.293990929	39
77.165986394	40
79.046213151	41
80.901972789	42
82.758072562	43
84.542176870	44
86.465306122	45
88.365963718	46
90.230068027	47
92.117959183	48
93.974489795	49
95.848979591	50
97.702018140	51
99.543877551	52
101.390022675	53
103.208163265	54
105.124489795	55
106.870408163	56
108.790045351	57
110.672448979	58
112.537505668	59
114.389795918	60
116.241836734	61
118.087755102	62
119.952040816	63
121.795918367	64
123.646009070	65
