0.514285714	0
3.444263038	1
6.381451247	2
9.314285714	3
12.245079365	4
15.17079365	5
18.113015873	6
21.048888888	7
23.975873015	8
26.913015873	9
29.841269841	10
32.773333333	11
35.707936507	12
38.646349206	13
41.572267573	14
44.507936507	15
47.415873015	16
50.364444444	17
53.292698412	18
56.234920634	19
59.168253968	20
62.091428571	21
65.032380952	22
67.965691609	23
70.897777777	24
73.828571428	25
76.759365079	26
79.70031746	27
82.633650793	28
85.558095238	29
88.502857142	30
91.433650793	31
94.366984126	32
97.291428571	33
100.222222222	34
103.163174603	35
106.092698412	36
109.024761904	37
111.95047619	38
114.887619047	39
117.827301587	40
120.753015873	41
123.693786848	42
126.608253968	43
129.566984126	44
132.114716553	45
134.686984126	46
137.254603174	47
140.176507936	48
143.123809523	49
146.041904761	50
148.987936507	51
151.917460317	52
154.472539682	53
157.047619047	54
159.617777777	55
162.513015873	56
165.48063492	57
168.396190476	58
171.305396825	59
174.265396825	60
176.796190476	61
179.353650793	62
181.953015873	63
184.885079365	64
187.845079365	65
190.756825396	66
193.711746031	67
196.63648526	68
199.17786848	69
201.762539682	70
204.317460317	71
207.236825396	72
213.954285714	73
217.776507936	74
221.578412698	75
225.394285714	76
229.211428571	77
233.022222222	78
236.867301587	79
240.676825396	80
244.49015873	81
248.316190476	82
252.138412698	83
255.937777777	84
259.767619047	85
263.577142857	86
267.408253968	87
271.196190476	88
275.032380952	89
278.83755102	90
282.688253968	91
286.478730158	92
290.328888888	93
294.123174603	94
297.955555555	95
301.747301587	96
305.561904761	97
309.387936507	98
313.189433106	99
317.024761904	100
320.848253968	101
324.645328798	102
328.472380952	103
332.275555555	104
336.093151927	105
339.085328798	106
341.996190476	107
344.919365079	108
347.871746031	109
350.406349206	110
352.996825396	111
355.563174603	112
358.472380952	113
361.45015873	114
364.373333333	115
367.299047619	116
370.214603174	117
372.798730158	118
375.335873015	119
377.871746031	120
380.880204081	121
