0.201451246703	0
3.6975056687	1
7.0760090697	2
10.4080725617	3
13.7374603167	4
17.0605895687	5
20.3708843537	6
23.6763492057	7
26.9958276637	8
30.2625850337	9
33.5728798177	10
36.8831746027	11
40.2994104307	12
43.6169614507	13
47.0593197277	14
50.4000907027	15
53.7611791377	16
57.0961451247	17
60.4311111107	18
63.7452380947	19
67.0168707477	20
70.3837641717	21
73.9292743757	22
77.4673015867	23
80.9459410427	24
84.2431746027	25
87.8263038547	26
91.1772335597	27
94.5554648517	28
97.9458503397	29
101.256145125	30
104.578049886	31
107.960907029	32
111.306031746	33
114.696145125	34
118.016598639	35
121.315283447	36
124.603809524	37
127.947482993	38
131.222947846	39
134.531791383	40
140.113287982	41
145.407437642	42
148.897596372	43
153.592471655	44
