0.667346938	0
4.135714285	1
7.480612244	2
10.746938775	3
13.984693877	4
17.232653061	5
20.447959183	6
23.788775510	7
27.033673469	8
30.392857142	9
33.636734693	10
36.890816326	11
40.146938775	12
43.373469387	13
46.621428571	14
49.975510204	15
53.230612244	16
56.630612244	17
59.922448979	18
63.231156462	19
66.494897959	20
69.762244897	21
73.039727891	22
76.442857142	23
79.730612244	24
82.962244897	25
86.270408163	26
89.575941043	27
92.873469387	28
96.167664399	29
99.470408163	30
102.820408163	31
106.095736961	32
109.315306122	33
112.648526077	34
115.941836734	35
119.227551020	36
122.527641723	37
125.791836734	38
129.165306122	39
132.505102040	40
135.880612244	41
139.269387755	42
142.577551020	43
145.887755102	44
149.206122448	45
152.517346938	46
155.932653061	47
159.192857142	48
163.081383219	49
