0.529591836	0
2.603129251	1
4.627551020	2
6.668934240	3
8.668367346	4
10.699342403	5
12.684671201	6
14.710204081	7
16.717573696	8
18.755124716	9
20.782653061	10
22.804875283	11
24.787165532	12
26.826530612	13
28.797959183	14
30.795102040	15
32.764285714	16
34.761224489	17
36.708163265	18
38.723083900	19
40.747097505	20
42.731111111	21
44.643877551	22
46.666326530	23
48.667097505	24
50.680612244	25
52.659092970	26
54.683265306	27
56.675170068	28
58.667188208	29
60.643083900	30
62.651111111	31
64.542857142	32
66.539115646	33
68.476530612	34
70.515102040	35
72.464285714	36
74.435079365	37
76.366326530	38
78.369387755	39
80.347120181	40
82.371224489	41
84.356621315	42
86.351020408	43
88.246938775	44
90.237913832	45
92.250000000	46
94.260204081	47
96.227233560	48
98.243378684	49
100.221428571	50
102.203424036	51
104.145918367	52
106.122448979	53
108.059138321	54
110.003061224	55
111.955464852	56
113.961224489	57
115.963242630	58
117.931292517	59
119.862244897	60
121.831632653	61
123.803061224	62
125.827369614	63
127.771428571	64
129.771428571	65
131.744897959	66
133.763174603	67
135.771133786	68
137.766326530	69
139.758163265	70
141.770408163	71
143.784693877	72
145.780612244	73
147.755510204	74
149.771043083	75
151.671428571	76
153.660657596	77
155.619886621	78
157.595215419	79
159.563310657	80
161.549569160	81
163.499092970	82
165.483129251	83
167.467120181	84
169.412244897	85
171.387142857	86
173.338775510	87
175.323469387	88
177.283764172	89
179.264285714	90
