0.13689342383	0
2.54768707483	1
4.98895691583	2
7.31403628083	3
9.58959183583	4
11.8410204078	5
14.1000680268	6
16.3717233558	7
18.6054648518	8
20.8289569158	9
23.0613378678	10
25.3559410428	11
27.6137188208	12
29.8714965978	13
32.1089569158	14
34.3616553278	15
36.5978458048	16
38.8670521538	17
41.0968934238	18
43.3534013598	19
45.5616553278	20
47.7735827658	21
50.1737188208	22
52.3959410428	23
54.7014285708	24
56.9319954648	25
59.2289569158	26
61.4562585028	27
63.7076870748	28
65.8778458048	29
68.0175283438	30
70.4601133778	31
72.6956235818	32
74.8822902488	33
77.0867346938	34
79.2848299318	35
81.4930838998	36
83.6556235818	37
85.8829251698	38
87.9921315188	39
90.1394331058	40
92.2334013598	41
94.4403854868	42
96.5026077088	43
98.7870521538	44
100.997845805	45
103.228140589	46
105.43340136	47
107.646734694	48
109.860022675	49
112.056893424	50
114.274036281	51
116.515306122	52
118.701972789	53
120.941972789	54
123.089546485	55
125.340702948	56
127.484081632	57
129.668072562	58
131.972108843	59
134.220068027	60
136.481020408	61
138.661315192	62
140.830226757	63
143.025782313	64
145.221337868	65
147.456258503	66
149.649274376	67
151.827052154	68
153.972267573	69
156.190226757	70
158.354036281	71
160.511496598	72
162.662426304	73
164.799750567	74
166.929274376	75
