0.150748299193	0
4.34884353719	1
8.49360544119	2
12.5786848072	3
16.6485260762	4
20.7932879812	5
24.9037641722	6
28.9761451242	7
33.1386848072	8
37.2440816322	9
41.4205895682	10
45.6085260762	11
47.7275510202	12
51.8794331062	13
56.1024943302	14
60.3170975052	15
64.5195238092	16
68.7577324262	17
72.9113832192	18
77.0688435372	19
81.2923356002	20
83.4234920632	21
87.4739229022	22
91.6986848072	23
95.8663038542	24
99.9513832192	25
104.047437641	26
108.1354195	27
112.273922902	28
116.460589568	29
118.543129251	30
122.748843537	31
126.973605441	32
131.218684807	33
135.423129251	34
139.717732426	35
143.911746031	36
148.087755101	37
152.335374149	38
154.431587301	39
158.553287981	40
162.793287981	41
167.03201814	42
171.285986394	43
175.503492063	44
179.729160997	45
183.927256235	46
188.22185941	47
190.327913832	48
194.544399092	49
198.7323356	50
203.035827664	51
207.319682539	52
211.543469387	53
215.807891156	54
220.045351473	55
224.188843537	56
226.265668934	57
230.361541949	58
234.629478457	59
238.815124716	60
243.087891156	61
247.329160997	62
251.598367346	63
255.849795918	64
260.116462584	65
264.388208616	66
268.724716553	67
272.987573695	68
277.240272108	69
281.476462584	70
285.815192743	71
290.122811791	72
294.427573695	73
298.583764172	74
302.845351473	75
307.086621315	76
311.346938775	77
315.570430838	78
319.884081632	79
324.215510203	80
328.527891156	81
332.761541949	82
337.058684807	83
341.392653061	84
345.67201814	85
349.984399092	86
354.287233559	87
358.626938775	88
362.944399092	89
367.156462584	90
371.336780045	91
375.543129251	92
379.776621315	93
393.376417233	94
399.556281178	95
