0.092879818	0
1.524421768	1
3.052630385	2
4.508367346	3
6.005578231	4
7.477755102	5
8.948231292	6
10.436371882	7
11.932403628	8
13.436394557	9
14.956213151	10
16.463650793	11
17.956213151	12
19.452494331	13
20.941564625	14
22.444331065	15
23.948185941	16
25.436575963	17
26.932222222	18
28.444263038	19
29.932358276	20
31.436167800	21
32.988435374	22
34.484285714	23
35.988276643	24
37.452380952	25
38.956621315	26
40.436530612	27
41.948571428	28
43.420770975	29
44.924535147	30
46.412267573	31
47.932312925	32
49.436281179	33
50.948276643	34
52.452380952	35
53.956213151	36
55.452358276	37
56.983106575	38
58.452585034	39
59.996167800	40
61.484217687	41
63.012585034	42
64.516213151	43
66.036553287	44
67.508185941	45
69.028185941	46
70.492267573	47
71.964467120	48
73.484285714	49
74.989591836	50
76.484421768	51
78.044263038	52
79.572471655	53
81.124557823	54
82.620498866	55
84.173764172	56
85.693809523	57
87.220430839	58
88.692335600	59
90.253310657	60
91.772222222	61
93.292517006	62
94.804195011	63
96.356303854	64
97.884217687	65
99.428276643	66
100.908231292	67
102.460272108	68
103.980317460	69
105.532222222	70
107.084195011	71
