0.290793650508	0
2.49015872951	1
4.74285714251	2
6.94984126951	3
9.18349206251	4
11.4082539675	5
13.6647619045	6
15.8374603165	7
18.0914285705	8
20.3326984125	9
22.4533333325	10
24.5853968245	11
26.7409977315	12
28.8298412695	13
30.9193650785	14
33.0590476185	15
35.1822222215	16
37.3282539675	17
39.3739682535	18
41.4690929705	19
43.6101587295	20
45.7105442175	21
47.8082539675	22
49.9483446705	23
52.0133106575	24
54.1251020405	25
56.2290476185	26
58.3171201805	27
60.3758730155	28
62.4355555555	29
64.5530158725	30
66.6755555555	31
68.7660317455	32
70.8596825395	33
72.9654421765	34
75.0615873015	35
77.1254875275	36
79.2140362805	37
81.3172562355	38
83.3653514735	39
85.3890702945	40
87.4184126975	41
89.5656689335	42
91.6212698405	43
93.6634920625	44
95.7170294775	45
97.7968253965	46
99.8210204075	47
101.831111111	48
103.766349206	49
105.837460317	50
107.805034014	51
109.856507937	52
111.89968254	53
113.941088435	54
115.949206349	55
117.949092971	56
119.982222222	57
122.01324263	58
124.053310658	59
126.085079365	60
128.141088435	61
130.182857143	62
132.221088435	63
134.257777778	64
136.357006803	65
138.424716553	66
140.485283447	67
142.58031746	68
144.653061224	69
146.747664399	70
148.825464853	71
150.921904762	72
153.025600907	73
155.121609977	74
157.22031746	75
159.224126984	76
161.321564626	77
163.36	78
165.418412698	79
167.433650794	80
169.413333333	81
171.449863946	82
173.432380952	83
175.424761905	84
177.410793651	85
179.313015873	86
181.393854875	87
183.30585034	88
185.320634921	89
187.337596372	90
189.346031746	91
191.346031746	92
193.375487528	93
195.417641723	94
197.428571429	95
199.449614512	96
201.449637188	97
203.481904762	98
205.545578231	99
207.560634921	100
209.60170068	101
211.618231293	102
213.626666667	103
215.637301587	104
217.725714286	105
219.785578231	106
221.823492063	107
223.888253968	108
225.985510204	109
