0.208140588998	0
2.377029478	1
4.524331065	2
6.633537414	3
8.708458049	4
10.868458049	5
12.985442176	6
15.089342403	7
17.204965986	8
19.300204081	9
21.401383219	10
23.513424036	11
25.636712018	12
27.714172335	13
29.80941043	14
31.916077097	15
34.001428571	16
36.090181405	17
38.167505668	18
40.269319727	19
42.337505668	20
44.451972789	21
46.528140589	22
48.624648526	23
50.722426303	24
52.824399092	25
54.920521541	26
56.996712018	27
59.098299319	28
61.169342403	29
63.25739229	30
65.361156462	31
67.431224489	32
69.530045351	33
71.585668934	34
73.682426303	35
75.761451247	36
77.843696145	37
79.91340136	38
81.993537414	39
84.057029478	40
86.141111111	41
88.152267573	42
90.253854875	43
92.369931972	44
94.476077097	45
96.577664399	46
98.657664399	47
100.745873015	48
102.839024943	49
104.937755102	50
107.04877551	51
109.11446712	52
111.156712018	53
113.203696145	54
115.277346938	55
117.311632653	56
119.396712018	57
121.481473922	58
123.57755102	59
125.651950113	60
127.70909297	61
129.764965986	62
131.817029478	63
133.883061224	64
135.947823129	65
138.011723356	66
140.058299319	67
142.177891156	68
