1.256122448	0
2.996303854	1
5.307142857	2
7.050000000	3
9.342925170	4
11.651428571	5
13.381632653	6
15.701904761	7
18.008163265	8
19.733922902	9
22.025510204	10
24.349909297	11
26.078571428	12
28.336734693	13
30.077891156	14
32.413265306	15
34.685782312	16
36.981473922	17
39.270408163	18
41.589727891	19
42.748979591	20
45.045714285	21
47.343877551	22
49.646077097	23
51.373469387	24
53.662244897	25
55.392789115	26
57.679591836	27
59.397460317	28
61.685691609	29
63.405102040	30
65.701451247	31
67.988775510	32
70.286734693	33
72.570408163	34
74.853764172	35
76.006077097	36
78.298979591	37
80.576167800	38
82.885464852	39
85.149750566	40
86.905102040	41
89.154081632	42
91.445487528	43
93.168367346	44
95.409183673	45
97.752040816	46
100.027551020	47
102.309795918	48
104.629523809	49
106.935011337	50
109.221496598	51
111.493469387	52
113.805442176	53
116.078571428	54
117.237437641	55
119.486371882	56
121.741723356	57
124.013492063	58
126.302380952	59
128.565487528	60
130.829727891	61
133.069387755	62
134.245782312	63
136.485487528	64
138.765442176	65
141.037505668	66
142.189455782	67
144.453469387	68
146.717460317	69
148.984988662	70
151.237505668	71
153.501451247	72
