0.349115646	0
1.573968253	1
2.936870748	2
4.303764172	3
5.775328798	4
7.091609977	5
8.518185941	6
9.880907029	7
11.290068027	8
12.646984126	9
14.020362811	10
15.395646258	11
16.762721088	12
18.116734693	13
19.516349206	14
20.893424036	15
22.284716553	16
23.668344671	17
25.042086167	18
26.365623582	19
27.770226757	20
29.124444444	21
30.510725623	22
31.846984126	23
33.230022675	24
34.620317460	25
36.000453514	26
37.334149659	27
38.724444444	28
40.103129251	29
41.476009070	30
42.806802721	31
44.200000000	32
45.584489795	33
46.954467120	34
48.315736961	35
49.710385487	36
51.092403628	37
52.428571428	38
53.773877551	39
55.143854875	40
56.529795918	41
57.883809523	42
59.236371882	43
60.662698412	44
62.002448979	45
63.373877551	46
65.051519274	47
66.411337868	48
67.821950113	49
69.219501133	50
70.659138321	51
71.959455782	52
73.349750566	53
74.729886621	54
76.113809523	55
77.507437641	56
78.894376417	57
80.285260770	58
81.659591836	59
83.022267573	60
84.408253968	61
85.776780045	62
87.154013605	63
88.523990929	64
89.899773242	65
91.201541950	66
92.571519274	67
93.947301587	68
95.307120181	69
96.611791383	70
97.980317460	71
99.343038548	72
100.734421768	73
102.061224489	74
103.419591836	75
104.804081632	76
106.158095238	77
107.483083900	78
108.887891156	79
110.257868480	80
111.636553287	81
112.967346938	82
114.377959183	83
115.713106575	84
117.097596371	85
118.441451247	86
119.822653061	87
121.159727891	88
122.534535147	89
123.870453514	90
125.263718820	91
126.614263038	92
127.957278911	93
131.470748299	94
132.942312925	95
134.276009070	96
135.680770975	97
137.046439909	98
138.443990929	99
139.798004535	100
141.197369614	101
142.536507936	102
143.925351473	103
145.285396825	104
146.653696145	105
148.000453514	106
149.399455782	107
150.728798185	108
152.107482993	109
153.441179138	110
154.805351473	111
156.153560090	112
157.533378684	113
158.867392290	114
160.245351473	115
161.571065759	116
162.925079365	117
164.164444444	118
165.565464852	119
166.921224489	120
168.296145124	121
169.626938775	122
170.989478458	123
172.330612244	124
173.691882086	125
175.048798185	126
176.354920634	127
177.693356009	128
179.072494331	129
180.438480725	130
181.813061224	131
183.148208616	132
184.517460317	133
185.909410430	134
187.234920634	135
188.551201814	136
189.915374149	137
191.277278911	138
192.621405895	139
193.963582766	140
195.309365079	141
196.667505668	142
198.021632653	143
199.573605442	144
201.095782312	145
202.462857142	146
203.802176870	147
205.173605442	148
