1.329591836	0
2.789795918	1
4.273469387	2
5.754081632	3
7.219387755	4
8.687755102	5
10.127551020	6
11.588775510	7
13.025510204	8
14.533673469	9
15.961224489	10
17.400000000	11
18.837755102	12
20.319954648	13
21.752040816	14
23.243877551	15
24.703061224	16
26.168163265	17
27.624943310	18
29.076530612	19
30.512244897	20
31.959183673	21
33.369387755	22
34.858163265	23
36.315306122	24
37.760000000	25
39.199863945	26
40.637755102	27
42.069387755	28
43.505102040	29
44.940816326	30
46.408208616	31
47.856734693	32
49.255895691	33
50.702040816	34
52.136213151	35
53.569387755	36
55.103854875	37
56.561972789	38
58.000000000	39
59.447868480	40
60.888775510	41
62.325510204	42
63.753061224	43
65.165306122	44
66.643877551	45
68.106122448	46
69.556712018	47
71.024489795	48
72.455102040	49
73.876530612	50
75.344875283	51
76.777551020	52
78.220408163	53
79.644897959	54
81.078571428	55
82.513265306	56
83.954081632	57
85.364285714	58
86.875510204	59
88.340816326	60
89.809160997	61
91.227551020	62
92.647029478	63
94.074489795	64
95.514285714	65
96.946938775	66
98.428571428	67
99.927551020	68
101.318367346	69
102.768367346	70
104.213265306	71
105.638775510	72
107.095918367	73
108.539795918	74
110.012244897	75
111.428571428	76
112.883673469	77
114.322448979	78
115.792086167	79
117.183673469	80
118.675510204	81
120.119387755	82
121.563265306	83
123.003061224	84
124.438775510	85
125.872448979	86
127.302040816	87
128.697959183	88
130.117346938	89
131.561224489	90
132.982653061	91
134.403061224	92
135.864149659	93
137.319863945	94
138.731632653	95
140.192857142	96
141.623900226	97
143.040816326	98
144.477551020	99
145.932653061	100
147.367981859	101
148.766326530	102
150.247891156	103
