0.832653061	0
2.185714285	1
3.530952380	2
4.906984126	3
6.218934240	4
7.554965986	5
8.867097505	6
10.240816326	7
11.572380952	8
12.903061224	9
14.198979591	10
15.514285714	11
16.805102040	12
18.122448979	13
19.429591836	14
20.748979591	15
22.061224489	16
23.380612244	17
24.692857142	18
26.000000000	19
27.295918367	20
28.628571428	21
29.942857142	22
31.267278911	23
32.584693877	24
33.912244897	25
35.231632653	26
36.546938775	27
37.868367346	28
39.193877551	29
40.518367346	30
41.845918367	31
43.158163265	32
44.463265306	33
45.777551020	34
47.121428571	35
48.409183673	36
49.758163265	37
51.102040816	38
52.428571428	39
53.743877551	40
55.063265306	41
56.389795918	42
57.728571428	43
59.075510204	44
60.419115646	45
61.770952380	46
63.091179138	47
64.413265306	48
65.754988662	49
67.061224489	50
68.394943310	51
69.727551020	52
71.043151927	53
72.367346938	54
73.675510204	55
74.991836734	56
76.328571428	57
77.674965986	58
78.989795918	59
80.297959183	60
81.624489795	61
82.962244897	62
84.300000000	63
85.617346938	64
86.953061224	65
88.290816326	66
89.618367346	67
90.950000000	68
92.279591836	69
93.559183673	70
94.869387755	71
96.140816326	72
97.447959183	73
98.703061224	74
100.013265306	75
101.298979591	76
102.624489795	77
103.894897959	78
105.186734693	79
106.490816326	80
107.823469387	81
109.152040816	82
110.489795918	83
111.821428571	84
113.160204081	85
114.483151927	86
115.834965986	87
117.155147392	88
118.497959183	89
119.818367346	90
121.141836734	91
122.459183673	92
123.827551020	93
125.259092970	94
