0.209251699966	0
2.00888888797	1
3.83591836697	2
5.66702947797	3
7.47528344597	4
9.31274376397	5
11.134965986	6
12.954648526	7
14.774331065	8
16.630839002	9
18.470748299	10
20.322267573	11
22.157188208	12
23.970521541	13
25.800362811	14
27.626394557	15
29.454671201	16
31.302653061	17
33.134807256	18
34.971156462	19
36.814761904	20
38.644807256	21
40.473378684	22
42.29494331	23
44.05941043	24
45.876553288	25
47.689886621	26
49.518594104	27
51.334693877	28
53.140045351	29
54.97877551	30
56.822585034	31
58.651156462	32
60.484807256	33
62.318594104	34
64.110204081	35
65.932426303	36
67.752108843	37
69.567981859	38
71.407074829	39
73.195918367	40
75.030725623	41
76.8492517	42
78.639727891	43
80.450521541	44
82.281632653	45
84.112743764	46
85.942585034	47
87.786190476	48
89.614648526	49
91.447346938	50
93.264489795	51
95.093061224	52
96.934648526	53
98.746394557	54
100.557188208	55
102.393378684	56
104.210521541	57
106.020045351	58
107.837188208	59
109.660680272	60
111.512108843	61
113.338140589	62
115.156553288	63
116.99909297	64
118.83095238	65
120.670204081	66
122.492426303	67
124.282902494	68
126.117823129	69
127.937959183	70
129.751179138	71
131.573061224	72
133.37877551	73
135.188299319	74
136.986394557	75
138.804807256	76
140.63063492	77
142.442902494	78
144.272743764	79
146.082267573	80
147.901950113	81
149.714013605	82
151.478684807	83
153.262743764	84
155.076553288	85
156.854331065	86
158.606621315	87
160.421315192	88
162.276553288	89
164.118684807	90
165.926984127	91
167.751020408	92
169.574693877	93
171.385124716	94
173.191587301	95
174.99877551	96
176.81510204	97
178.632108843	98
180.43909297	99
182.254965986	100
184.058140589	101
185.878752834	102
187.686689342	103
189.471473922	104
191.286077097	105
193.082902494	106
194.90893424	107
196.73877551	108
198.559727891	109
200.343854875	110
202.177505668	111
203.994648526	112
205.816870748	113
207.654331065	114
209.481632653	115
211.284807256	116
213.096870748	117
214.9292517	118
216.717188208	119
218.489886621	120
220.2892517	121
222.069569161	122
223.887981859	123
225.667029478	124
227.471473922	125
229.254331065	126
231.03877551	127
232.817505668	128
234.633378684	129
236.420045351	130
238.192902494	131
239.985759637	132
241.783854875	133
243.570521541	134
245.341950113	135
247.115918367	136
248.958684807	137
250.756553288	138
252.525442176	139
254.309569161	140
256.117823129	141
257.901950113	142
259.691156462	143
261.480362811	144
263.261950113	145
265.043537415	146
266.822585034	147
268.604172335	148
270.456870748	149
272.27909297	150
274.127981859	151
275.942857142	152
