0.148979591	0
1.429387755	1
2.730612244	2
4.029387755	3
5.357505668	4
6.669342403	5
7.989727891	6
9.298979591	7
10.637392290	8
11.923469387	9
13.245623582	10
14.549342403	11
15.845600907	12
17.157392290	13
18.461587301	14
19.789387755	15
21.101564625	16
22.429342403	17
23.765374149	18
25.127120181	19
26.469614512	20
27.805396825	21
29.149365079	22
30.509659863	23
31.861609977	24
33.225510204	25
34.590816326	26
35.948979591	27
37.303061224	28
38.653628117	29
39.985714285	30
41.358163265	31
42.709342403	32
44.077573696	33
45.405555555	34
46.765487528	35
48.117392290	36
49.468435374	37
50.797346938	38
52.141428571	39
53.493877551	40
54.807188208	41
56.141383219	42
57.444897959	43
58.765306122	44
60.061519274	45
61.373378684	46
62.654081632	47
63.956122448	48
65.247959183	49
66.536734693	50
67.844897959	51
69.171428571	52
70.453401360	53
71.741360544	54
73.061405895	55
74.357392290	56
75.666326530	57
76.977551020	58
78.277641723	59
79.587755102	60
80.893560090	61
82.221541950	62
83.567346938	63
84.918367346	64
86.261587301	65
87.589591836	66
88.944897959	67
90.285374149	68
91.637369614	69
92.973492063	70
94.343877551	71
95.695918367	72
97.029387755	73
98.357573696	74
99.713265306	75
101.057142857	76
102.389365079	77
103.720408163	78
105.063265306	79
106.389410430	80
107.727233560	81
109.077414965	82
110.429365079	83
111.773446712	84
113.117414965	85
114.439365079	86
115.758163265	87
117.065306122	88
118.381632653	89
119.693877551	90
120.994897959	91
122.290816326	92
123.595918367	93
124.909387755	94
126.213628117	95
127.517414965	96
128.823469387	97
130.128571428	98
131.445464852	99
132.757528344	100
134.053424036	101
135.357142857	102
136.651723356	103
137.962244897	104
138.628571428	105
139.947959183	106
141.278571428	107
142.570997732	108
143.930612244	109
145.259206349	110
146.571043083	111
147.883673469	112
149.203832199	113
150.554988662	114
151.942879818	115
153.307210884	116
154.644603174	117
156.035011337	118
157.403197278	119
158.788117913	120
160.147006802	121
161.538253968	122
162.890997732	123
164.277460317	124
165.638684807	125
166.979773242	126
168.314988662	127
169.636734693	128
170.943877551	129
172.236734693	130
173.548979591	131
174.846938775	132
176.130612244	133
177.414285714	134
178.692857142	135
179.987006802	136
181.299183673	137
182.602970521	138
183.883015873	139
185.195034013	140
186.487755102	141
187.779115646	142
189.083242630	143
190.364285714	144
191.660204081	145
192.979115646	146
194.259047619	147
195.526530612	148
196.859024943	149
198.179183673	150
199.524489795	151
200.875056689	152
202.202993197	153
203.516326530	154
204.835532879	155
206.194988662	156
207.518367346	157
208.863922902	158
210.204603174	159
211.529591836	160
212.859183673	161
214.174489795	162
215.507029478	163
216.827210884	164
218.140294784	165
219.459002267	166
220.787006802	167
222.106961451	168
223.403174603	169
224.733015873	170
226.058956916	171
227.362244897	172
228.695918367	173
229.994897959	174
231.292857142	175
232.587755102	176
233.872448979	177
235.171020408	178
236.459047619	179
237.740816326	180
239.019387755	181
240.338979591	182
241.603015873	183
242.886734693	184
244.179024943	185
245.475011337	186
246.779002267	187
248.059183673	188
249.360204081	189
250.637755102	190
251.939024943	191
253.232653061	192
253.874489795	193
255.198888888	194
256.511111111	195
257.846916099	196
259.134693877	197
260.469569160	198
261.773469387	199
263.081632653	200
264.403582766	201
265.766916099	202
267.143854875	203
268.526893424	204
269.887120181	205
271.294943310	206
272.654149659	207
273.999002267	208
275.359138321	209
276.758956916	210
278.144467120	211
279.536734693	212
280.878911564	213
282.215396825	214
283.550952380	215
284.886961451	216
286.231043083	217
287.505102040	218
288.775510204	219
290.067346938	220
291.358163265	221
292.636734693	222
293.991179138	223
295.226530612	224
296.559183673	225
297.795918367	226
299.119070294	227
300.386734693	228
301.688775510	229
302.996938775	230
304.319387755	231
305.608163265	232
306.934897959	233
308.247097505	234
309.582925170	235
310.885714285	236
312.230929705	237
313.605328798	238
314.903061224	239
316.240589569	240
317.599183673	241
318.950929705	242
320.317346938	243
321.662947845	244
322.998956916	245
324.334920634	246
325.668367346	247
326.997959183	248
328.320408163	249
329.650000000	250
330.982993197	251
332.313356009	252
333.638775510	253
334.970408163	254
336.290816326	255
337.607142857	256
338.946938775	257
340.265306122	258
341.600158730	259
342.901020408	260
344.281632653	261
345.542857142	262
346.875510204	263
348.198911564	264
349.558934240	265
350.879319727	266
352.225510204	267
353.574897959	268
354.914285714	269
356.232653061	270
357.591337868	271
358.906122448	272
360.270952380	273
361.598979591	274
362.941836734	275
364.285714285	276
365.629591836	277
366.969387755	278
368.318979591	279
369.651020408	280
370.978571428	281
372.317346938	282
373.652040816	283
374.969387755	284
376.310929705	285
377.646961451	286
378.923469387	287
380.264784580	288
381.599319727	289
382.950929705	290
384.285714285	291
385.607142857	292
386.948979591	293
388.281632653	294
389.627551020	295
390.963265306	296
392.307142857	297
393.655124716	298
394.995918367	299
396.327097505	300
397.671111111	301
399.011814058	302
400.335714285	303
401.678956916	304
403.009183673	305
404.346938775	306
405.689795918	307
407.031632653	308
408.422993197	309
