0.829614512281	0
2.07405895628	1
3.39637188128	2
4.74453514728	3
6.08548752828	4
7.44167800428	5
8.72294784528	6
10.0219954643	7
11.3400907023	8
12.6251700673	9
13.9191383213	10
15.2283446703	11
16.5223129243	12
17.8289795913	13
19.1626984123	14
20.4524716553	15
21.7553287973	16
23.0912244893	17
24.3954875283	18
25.7312244893	19
27.0475510203	20
28.3292970513	21
29.6397732423	22
30.9439002263	23
32.2480272103	24
33.5391383213	25
34.8359637183	26
36.1324716553	27
37.4511564623	28
38.7392290243	29
40.0592290243	30
41.3337414963	31
42.6274829923	32
43.8861224483	33
45.1951247163	34
46.4992063483	35
47.7791609973	36
49.0797732423	37
50.3318367343	38
51.6600907023	39
52.9312244893	40
54.2112018133	41
55.5216780043	42
56.8272562353	43
58.1151927433	44
59.3952607703	45
60.6920181403	46
62.0042176863	47
63.2873469383	48
64.5997732423	49
65.8937414963	50
67.2029478453	51
68.4945804983	52
69.7792290243	53
71.0746938773	54
72.3813605433	55
73.6537414963	56
74.9565986393	57
76.2353287973	58
77.5242176863	59
78.7813605433	60
80.0689795913	61
81.3568027203	62
82.6175510203	63
83.8831972783	64
85.1483446703	65
86.4207256233	66
87.6994557823	67
88.9324716553	68
90.2073922893	69
91.4746938773	70
92.7419954643	71
94.0275056683	72
95.2913605433	73
96.5667573693	74
97.8251700673	75
99.1245124713	76
100.371156462	77
101.643582766	78
102.918503401	79
104.16802721	80
105.466190475	81
106.724217686	82
108.005487528	83
109.291541949	84
110.560408162	85
111.855646258	86
113.12802721	87
114.411836734	88
115.699433106	89
116.950249432	90
118.246757369	91
119.519138321	92
120.809297051	93
122.067165532	94
123.331632652	95
124.638390022	96
125.939455782	97
127.22755102	98
128.532471655	99
129.820090702	100
131.09755102	101
132.39526077	102
133.666439909	103
134.959138321	104
136.275170067	105
137.571201813	106
138.904535147	107
140.285714285	108
