0.212063492	0
3.055238095	1
5.913650793	2
8.801269841	3
11.669841269	4
14.511746031	5
17.412063492	6
20.26031746	7
23.098412698	8
25.965396825	9
28.807619047	10
31.649523809	11
34.509365079	12
37.373424036	13
40.266666666	14
43.146666666	15
46.073650793	16
48.99739229	17
51.942811791	18
54.824126984	19
57.701587301	20
60.56	21
63.42095238	22
66.275555555	23
69.149206349	24
72.005079365	25
74.83047619	26
77.682539682	27
80.535873015	28
83.405419501	29
86.299682539	30
89.172063492	31
92.073650793	32
94.99047619	33
97.998730158	34
100.933333333	35
103.76	36
106.577777777	37
109.352380952	38
112.194285714	39
115.094603174	40
117.941655328	41
120.811428571	42
123.658412698	43
126.464761904	44
129.306666666	45
132.144761904	46
134.984126984	47
137.871746031	48
140.765419501	49
143.648253968	50
146.495555555	51
149.316825396	52
152.152380952	53
155.01079365	54
157.84	55
160.716190476	56
163.588571428	57
166.472993197	58
169.365079365	59
172.381292517	60
175.749795918	61
