0.44058956905	0
2.24884353705	1
4.02916099705	2
5.80185941005	3
7.55297052105	4
9.32947845805	5
11.075510204	6
12.855827664	7
14.61446712	8
16.37201814	9
18.110430838	10
19.86154195	11
21.599909297	12
23.34217687	13
25.069160997	14
26.790430838	15
28.523129251	16
30.267891156	17
31.987256235	18
33.734557823	19
35.45462585	20
37.207573696	21
38.949795918	22
40.698367346	23
42.454399092	24
44.223446711	25
45.991065759	26
47.749795918	27
49.5023356	28
51.278480725	29
53.034875283	30
54.798684807	31
56.548526077	32
58.290748299	33
60.038049886	34
61.80185941	35
63.556780045	36
65.299002267	37
67.055419501	38
68.829160997	39
70.586621315	40
72.347891156	41
74.124399092	42
75.888208616	43
77.643129251	44
79.385351473	45
81.126303854	46
82.877414965	47
84.617097505	48
86.391065759	49
88.137097505	50
89.884399092	51
91.622811791	52
93.359954648	53
95.103446711	54
96.854557823	55
98.610748299	56
100.355510204	57
102.119319727	58
103.886394557	59
105.644399092	60
107.427256235	61
109.18217687	62
110.958684807	63
112.727573696	64
114.496462584	65
116.257732426	66
118.007573696	67
119.768843537	68
121.542811791	69
123.297732426	70
125.055192743	71
126.799954648	72
128.580272108	73
130.349523809	74
132.116780045	75
133.885668934	76
135.668526077	77
137.414557823	78
139.15170068	79
140.910430838	80
142.676780045	81
144.445782312	82
146.205804988	83
147.964399092	84
149.724399092	85
151.462811791	86
153.212653061	87
154.977732426	88
156.733922902	89
158.496462584	90
160.26154195	91
162.020272108	92
163.775192743	93
165.523764172	94
167.30154195	95
169.059002267	96
170.808843537	97
172.582811791	98
174.354240362	99
176.139637188	100
177.90217687	101
179.669795918	102
181.4323356	103
183.173287981	104
184.945986394	105
186.697097505	106
188.46956916	107
190.234671201	108
192.008843537	109
193.789659863	110
195.565646258	111
197.333900226	112
199.126303854	113
200.89356009	114
202.661836734	115
204.434240362	116
206.213741496	117
207.999954648	118
209.794240362	119
211.579637188	120
213.366303854	121
215.15170068	122
216.904081632	123
218.690748299	124
220.462993197	125
222.287687074	126
