1.400000000	1
3.743877551	2
6.080612244	3
8.380612244	4
10.600000000	5
12.764285714	6
14.924489795	7
17.044897959	8
19.210204081	9
21.334693877	10
23.471428571	11
25.626530612	12
27.765306122	13
29.916326530	14
32.050000000	15
34.169387755	16
36.342857142	17
38.459183673	18
40.563265306	19
42.678571428	20
44.823469387	21
46.931632653	22
49.038775510	23
51.115306122	24
53.248979591	25
55.354081632	26
57.472448979	27
59.580612244	28
61.713265306	29
63.823469387	30
65.958163265	31
68.065147392	32
70.207142857	33
72.302040816	34
74.423469387	35
76.528571428	36
78.637755102	37
80.724489795	38
82.824489795	39
84.894897959	40
87.004081632	41
89.125510204	42
91.248979591	43
93.351020408	44
95.432653061	45
97.541836734	46
99.616326530	47
101.754081632	48
103.846938775	49
105.878571428	50
108.021541950	51
110.137755102	52
112.271428571	53
114.386734693	54
116.473469387	55
118.573469387	56
120.698979591	57
122.780612244	58
124.875510204	59
126.941836734	60
129.035714285	61
131.145918367	62
133.193877551	63
135.277551020	64
137.392857142	65
139.469387755	66
141.564285714	67
143.639795918	68
145.744897959	69
147.802040816	70
149.887755102	71
151.920408163	72
154.013786848	73
156.073469387	74
158.164285714	75
160.298979591	76
162.494603174	77
