0.538775510	0
2.092857142	1
3.637755102	2
5.204739229	3
6.728571428	4
8.257142857	5
9.804920634	6
11.344897959	7
12.923469387	8
14.435714285	9
15.987755102	10
17.564965986	11
19.110226757	12
20.652947845	13
22.181746031	14
23.675510204	15
25.245011337	16
26.756643990	17
28.320408163	18
29.860680272	19
31.354081632	20
32.931632653	21
34.444739229	22
35.996938775	23
37.548752834	24
39.076961451	25
40.604988662	26
42.130612244	27
43.625510204	28
45.189614512	29
46.737755102	30
48.276689342	31
49.795918367	32
51.356666666	33
52.892721088	34
54.402040816	35
55.929591836	36
57.460725623	37
59.007142857	38
60.548707482	39
62.084943310	40
63.660975056	41
65.182653061	42
66.773832199	43
68.296938775	44
69.900000000	45
71.441836734	46
73.020952380	47
74.540816326	48
76.100907029	49
77.648979591	50
79.220748299	51
80.717346938	52
82.307142857	53
83.868367346	54
85.454081632	55
87.029591836	56
88.606122448	57
90.194897959	58
91.804716553	59
93.349954648	60
94.913265306	61
96.475510204	62
98.052040816	63
99.604081632	64
101.201133786	65
102.788956916	66
104.337755102	67
105.900952380	68
107.476643990	69
109.053741496	70
110.624489795	71
112.212970521	72
113.732811791	73
115.274489795	74
116.821428571	75
118.387755102	76
119.988775510	77
121.509183673	78
123.108707482	79
124.656122448	80
126.236734693	81
127.765306122	82
129.388707482	83
130.916961451	84
132.470181405	85
134.020725623	86
135.611224489	87
137.188956916	88
138.764739229	89
140.323469387	90
141.900884353	91
143.508684807	92
145.092721088	93
146.654081632	94
148.210204081	95
149.820952380	96
151.404716553	97
152.955102040	98
154.549863945	99
156.125510204	100
157.734693877	101
159.324943310	102
160.908684807	103
162.516734693	104
164.116689342	105
165.636734693	106
167.236734693	107
168.820680272	108
170.392857142	109
171.980702947	110
173.588299319	111
175.228752834	112
