1.198979591	1
2.719387755	2
4.220408163	3
5.755102040	4
7.250000000	5
8.772448979	6
10.270408163	7
11.792857142	8
13.410272108	9
14.967346938	10
16.560204081	11
18.136734693	12
19.707142857	13
21.282517006	14
22.867346938	15
24.461224489	16
26.033673469	17
27.607142857	18
29.183673469	19
30.767346938	20
32.331632653	21
33.926530612	22
35.517346938	23
37.097959183	24
38.716326530	25
40.324489795	26
41.951020408	27
43.552040816	28
45.147528344	29
46.729591836	30
48.333673469	31
49.931632653	32
51.513265306	33
53.099319727	34
54.690113378	35
56.282108843	36
57.906099773	37
59.482154195	38
61.082653061	39
62.698231292	40
64.198979591	41
65.783673469	42
67.319387755	43
68.867346938	44
70.392857142	45
71.981632653	46
73.576530612	47
75.129591836	48
76.715306122	49
78.329591836	50
79.931632653	51
81.536734693	52
83.125510204	53
84.775510204	54
86.375510204	55
87.993877551	56
89.650498866	57
91.266553287	58
92.868367346	59
94.474126984	60
96.084693877	61
97.686734693	62
99.305102040	63
100.913265306	64
102.414285714	65
104.013265306	66
105.532653061	67
107.088775510	68
108.627551020	69
110.207142857	70
111.810113378	71
113.401020408	72
115.026167800	73
116.619387755	74
118.230612244	75
119.813265306	76
121.434557823	77
123.141836734	78
126.287755102	79
127.877551020	80
129.420408163	81
130.974489795	82
132.525510204	83
134.130181405	84
135.709183673	85
137.253832199	86
138.831950113	87
