2.13755101993	1
4.34326530593	2
6.44358276593	3
8.63659863893	4
10.7882993189	5
12.9159637179	6
15.0531065759	7
17.1978684799	8
19.3235827659	9
21.4543764169	10
23.5915192739	11
25.7273922899	12
27.8765532879	13
29.9902494329	14
32.1210430829	15
34.2556462579	16
36.3978684799	17
38.5146938769	18
40.6365986389	19
42.7483446709	20
44.8778684799	21
46.9972335599	22
49.1405668929	23
51.2639002259	24
53.4086621309	25
55.5458049879	26
57.6829478449	27
59.8239002259	28
61.9889795909	29
64.1166213149	30
66.2302494329	31
68.3673922899	32
70.5007256229	33
72.6378684799	34
74.8029478449	35
76.9629478449	36
79.1483446709	37
81.2791383219	38
83.4302494329	39
85.6169160989	40
87.7997732419	41
90.0654875279	42
92.2315192739	43
94.3559637179	44
96.4791383219	45
98.5959637179	46
100.729297052	47
102.856281179	48
104.995963718	49
107.115328798	50
109.238503401	51
111.380748299	52
113.486530612	53
115.606757369	54
117.695646258	55
119.822358276	56
121.953537415	57
124.076621315	58
126.18707483	59
128.301360544	60
130.415646258	61
132.516553288	62
134.652131519	63
136.757369614	64
138.900725623	65
141.011201814	66
143.08739229	67
145.194058956	68
147.326122449	69
149.498820861	70
151.652630385	71
153.796825396	72
155.996507936	73
158.157845805	74
160.300657596	75
162.484603174	76
164.640408163	77
166.771201814	78
168.912154195	79
171.076848072	80
173.209297052	81
175.337959183	82
177.470884353	83
179.583900226	84
181.71723356	85
183.860589569	86
186.101995464	87
188.300770975	88
