0.402040816	0
2.570204081	1
5.354807256	2
7.157142857	3
8.877165532	4
10.597097505	5
12.268367346	6
14.000000000	7
15.768027210	8
17.422448979	9
19.176530612	10
20.907142857	11
22.606122448	12
24.351768707	13
26.062244897	14
27.789092970	15
29.501020408	16
31.277142857	17
33.037074829	18
34.765238095	19
36.464285714	20
38.237142857	21
39.978571428	22
41.757142857	23
43.461088435	24
45.213106575	25
46.981564625	26
48.887755102	27
50.671428571	28
52.422448979	29
54.198798185	30
55.939795918	31
57.659183673	32
59.432653061	33
61.174784580	34
62.958888888	35
64.696938775	36
66.495056689	37
68.238775510	38
69.991043083	39
71.693877551	40
73.454988662	41
75.246938775	42
77.146938775	43
79.050000000	44
80.906122448	45
82.775510204	46
84.622925170	47
86.510793650	48
88.358798185	49
90.206802721	50
92.097959183	51
93.946938775	52
95.811224489	53
97.666371882	54
99.542811791	55
101.398798185	56
103.246848072	57
105.056122448	58
106.958775510	59
108.690816326	60
110.393106575	61
112.136258503	62
113.806802721	63
115.566326530	64
117.279047619	65
119.014784580	66
120.766802721	67
122.495011337	68
124.222811791	69
125.950816326	70
127.688480725	71
129.454965986	72
131.215011337	73
135.794897959	74
142.554081632	75
147.744897959	76
153.545918367	77
158.664285714	78
162.144897959	79
164.014285714	80
165.767256235	81
167.506122448	82
169.241836734	83
170.973922902	84
172.725986394	85
174.452040816	86
176.193877551	87
177.905102040	88
179.667346938	89
181.400000000	90
183.162653061	91
184.898843537	92
186.666666666	93
188.451020408	94
190.167437641	95
191.938775510	96
193.668367346	97
195.440816326	98
197.220408163	99
199.002857142	100
200.778820861	101
202.570997732	102
204.360181405	103
206.136349206	104
207.882834467	105
209.642925170	106
211.402040816	107
213.146643990	108
214.864285714	109
216.595918367	110
218.334693877	111
220.064036281	112
221.778684807	113
223.530634920	114
225.242630385	115
226.956961451	116
228.712244897	117
230.394897959	118
232.186621315	119
233.906870748	120
235.602743764	121
237.354739229	122
239.050770975	123
240.818684807	124
242.569387755	125
244.298888888	126
246.026689342	127
247.756780045	128
249.514671201	129
251.274875283	130
252.983673469	131
254.714625850	132
256.466077097	133
258.243333333	134
259.970861678	135
261.730634920	136
263.481632653	137
265.274648526	138
