0.196712018141	0
2.37752834414	1
4.54174603114	2
6.71426303814	3
8.83526077014	4
10.8793424031	5
12.8885941041	6
14.9116326521	7
16.9564399091	8
18.9925396821	9
21.0090476181	10
23.0095918361	11
25.0420634911	12
27.1202494321	13
29.1860997731	14
31.2693650791	15
33.3395691601	16
35.4134013601	17
37.4734467111	18
39.5509070291	19
41.6269160991	20
43.7036507931	21
45.7642857141	22
47.8443310651	23
49.9273242621	24
51.9830158721	25
54.0350793641	26
56.1074603171	27
58.1522675731	28
60.2043310651	29
62.2397052151	30
64.2816099771	31
66.2952154191	32
68.3171882081	33
70.3782993191	34
72.4252834461	35
74.4657369611	36
76.4996598631	37
78.5415646251	38
80.5667800451	39
82.5934467111	40
84.6244217681	41
86.6540362811	42
88.6743537411	43
90.7276870741	44
92.8203854871	45
94.8448752831	46
96.9005668931	47
98.9162585031	48
100.989455782	49
103.043696144	50
105.140748299	51
107.208049886	52
109.270997732	53
111.333219954	54
113.411405895	55
115.477596371	56
117.57648526	57
119.655396825	58
121.713265305	59
123.792902494	60
125.865283446	61
127.909365079	62
129.986825396	63
132.0330839	64
134.076439909	65
136.093673469	66
138.121791383	67
140.110725623	68
142.155532879	69
144.2054195	70
146.248049886	71
148.283424036	72
150.323151927	73
152.351995464	74
154.38664399	75
156.415487528	76
158.424013605	77
160.452131519	78
162.460272108	79
164.497482993	80
166.556077097	81
168.560249432	82
170.613038548	83
172.612131519	84
174.632267573	85
176.639342403	86
178.660272108	87
180.67526077	88
182.684512471	89
184.714081632	90
186.741836734	91
188.736848072	92
190.758616779	93
192.793537414	94
194.817573696	95
196.854308389	96
198.89739229	97
200.929591836	98
202.954988661	99
204.998979591	100
207.046598639	101
209.108276643	102
211.176757369	103
213.216666666	104
215.2792517	105
217.330498866	106
219.40170068	107
221.451133786	108
223.505555555	109
225.563605442	110
227.620294784	111
229.679705215	112
231.725759637	113
233.766780045	114
235.814399092	115
237.838435374	116
239.870181405	117
241.885147392	118
243.901020408	119
245.884240362	120
247.912358276	121
249.948639455	122
251.950453514	123
253.974036281	124
255.998526076	125
258.022562358	126
260.051587301	127
262.063378684	128
264.05340136	129
266.051587301	130
268.066099773	131
270.070181405	132
272.111904761	133
274.173129251	134
276.221655328	135
278.248866213	136
280.308276643	137
282.325736961	138
284.344104308	139
286.405328798	140
288.494988661	141
