0.184489795125	0
3.32099773212	1
6.60099773212	2
9.89369614512	3
13.3705215411	4
16.6949659861	5
20.0308390021	6
23.3717913831	7
26.7482993191	8
30.0257596371	9
33.3717913831	10
36.6987755101	11
40.1679818591	12
43.5749659861	13
46.8714739221	14
50.2289342401	15
53.7819501131	16
57.0403628111	17
60.3013151921	18
63.6295691601	19
66.9497732421	20
70.1806802711	21
73.4822675731	22
76.8397278911	23
80.1870294781	24
83.5416326521	25
86.8663945571	26
90.2060770971	27
93.6803628111	28
96.9417233551	29
100.222585033	30
103.677460317	31
107.310839002	32
110.514444444	33
113.805623582	34
117.101292516	35
120.485328798	36
123.830204081	37
127.221405895	38
130.566712018	39
134.06893424	40
137.314648525	41
140.501950113	42
143.624489795	43
146.815600906	44
149.86956916	45
152.901315192	46
155.93941043	47
158.957687074	48
161.896235827	49
165.000997732	50
167.997891156	51
171.143219954	52
174.221360544	53
177.254965986	54
180.269365079	55
183.400997732	56
186.415600906	57
189.41340136	58
192.357437641	59
195.293469387	60
198.180680271	61
201.06956916	62
203.960997732	63
206.813492063	64
209.729886621	65
212.630204081	66
215.555918367	67
218.46941043	68
221.46956916	69
224.391473922	70
227.300680271	71
230.213492063	72
233.231020408	73
236.157414965	74
239.05340136	75
241.977505668	76
244.893356008	77
247.780680271	78
250.581950113	79
253.42956916	80
256.23909297	81
259.060680271	82
261.938140589	83
264.78893424	84
267.606712018	85
270.440997732	86
273.26893424	87
276.09941043	88
278.887981859	89
281.695600906	90
284.509433106	91
287.25877551	92
289.97877551	93
292.717823129	94
295.515283446	95
298.267029478	96
300.965374149	97
303.732426303	98
306.460045351	99
309.291791383	100
312.110839002	101
314.886712018	102
317.680362811	103
320.4892517	104
323.305759637	105
326.080362811	106
328.903219954	107
331.666394557	108
334.390204081	109
337.14956916	110
339.797369614	111
342.354648525	112
344.854965986	113
347.333696145	114
349.885442176	115
352.307664398	116
354.755918367	117
357.277823129	118
359.729886621	119
362.211156462	120
364.636553287	121
367.074648525	122
369.547029478	123
371.977505668	124
374.373696145	125
376.82956916	126
379.248616779	127
381.684172335	128
384.056235827	129
386.541315192	130
388.951473922	131
391.380680271	132
393.770521541	133
396.194648525	134
398.603537414	135
401.042902494	136
403.366712018	137
405.73877551	138
408.071473922	139
410.448616779	140
412.792743764	141
415.14956916	142
417.479727891	143
419.834013605	144
422.150204081	145
424.467664398	146
426.802902494	147
429.140680271	148
431.451791383	149
433.773061224	150
436.048616779	151
438.39909297	152
440.7292517	153
443.117619047	154
445.474648525	155
447.917664398	156
450.301337868	157
452.705124716	158
455.085555555	159
457.483537414	160
459.906394557	161
462.887981859	162
466.706394557	163
474.465124716	164
481.318843537	165
