0.214285714	0
2.228571428	1
4.238775510	2
6.229591836	3
8.220408163	4
10.225510204	5
12.200000000	6
14.178571428	7
16.191836734	8
18.201020408	9
20.202040816	10
22.213265306	11
24.209183673	12
26.201020408	13
28.208163265	14
30.194897959	15
32.192857142	16
34.190816326	17
36.158707482	18
38.138775510	19
40.166734693	20
42.137755102	21
44.134761904	22
46.128571428	23
48.147959183	24
50.195918367	25
52.150657596	26
54.174761904	27
56.211224489	28
58.183673469	29
60.188775510	30
62.193877551	31
64.209183673	32
66.214693877	33
68.207074829	34
70.211224489	35
72.226530612	36
74.238684807	37
76.278820861	38
78.278730158	39
80.296077097	40
82.286734693	41
84.318367346	42
86.315306122	43
88.312244897	44
90.332653061	45
92.320408163	46
94.321428571	47
96.342721088	48
98.350907029	49
100.406848072	50
102.385714285	51
104.416031746	52
106.398843537	53
108.418367346	54
110.427551020	55
112.433673469	56
114.494716553	57
116.462244897	58
118.467346938	59
120.467346938	60
122.471428571	61
124.478571428	62
126.484693877	63
128.508163265	64
130.519387755	65
132.524489795	66
134.508163265	67
136.534761904	68
138.519387755	69
140.518707482	70
142.534671201	71
144.563265306	72
146.558163265	73
148.542675736	74
150.543877551	75
152.558843537	76
154.544897959	77
156.538775510	78
158.518707482	79
160.527551020	80
