0.491836734	0
3.195918367	1
5.988775510	2
8.659183673	3
10.042857142	4
12.693877551	5
15.153061224	6
17.816326530	7
20.365306122	8
23.009183673	9
25.665306122	10
27.021655328	11
29.750000000	12
31.882653061	13
34.436734693	14
37.092857142	15
39.661678004	16
42.404081632	17
44.929659863	18
47.597959183	19
50.284693877	20
52.952040816	21
55.627551020	22
58.212244897	23
60.713265306	24
63.171428571	25
65.553061224	26
67.962244897	27
70.353741496	28
71.569659863	29
73.956122448	30
75.858163265	31
78.375510204	32
80.889659863	33
83.682653061	34
86.145691609	35
88.721678004	36
91.225668934	37
93.824489795	38
96.302040816	39
98.769705215	40
101.227551020	41
103.809931972	42
106.227551020	43
108.614625850	44
111.002040816	45
113.393877551	46
115.808163265	47
117.034693877	48
119.446938775	49
121.344897959	50
123.887755102	51
126.523469387	52
129.153786848	53
131.739795918	54
134.337687074	55
136.817732426	56
139.409659863	57
141.905668934	58
144.345850340	59
146.736734693	60
149.406122448	61
151.942857142	62
154.385691609	63
156.811224489	64
159.265895691	65
161.681678004	66
162.947482993	67
165.419501133	68
167.341836734	69
169.800000000	70
171.755510204	71
173.588775510	72
175.561451247	73
178.042857142	74
180.429591836	75
182.853242630	76
185.248979591	77
187.634875283	78
190.050839002	79
192.450975056	80
194.826530612	81
197.210204081	82
199.618616780	83
202.007142857	84
204.378888888	85
206.759183673	86
209.131723356	87
211.548458049	88
214.004104308	89
