0.428185940111	0
3.00124716511	1
5.51625850311	2
8.01687074811	3
10.5067346931	4
13.0134013601	5
15.4970294781	6
18.0027891151	7
20.4728117911	8
23.0008616771	9
25.5318594101	10
28.0892290241	11
30.5861904761	12
33.0754421761	13
35.5715873011	14
38.0619274371	15
40.4927664391	16
42.9831065751	17
45.4734467111	18
47.9681405891	19
50.4613832191	20
52.9704988661	21
55.4651927431	22
57.9715873011	23
60.4256462581	24
63.0011337861	25
65.5456462581	26
68.0577551011	27
70.5655102031	28
73.0660090701	29
75.5592517001	30
78.0409070291	31
80.4587074821	32
82.9388435371	33
85.4074149651	34
87.8672789111	35
90.3211337861	36
92.7957142851	37
95.2328571421	38
97.6864172331	39
100.12015873	40
102.580022675	41
105.01956916	42
107.466371881	43
109.881247165	44
112.319342403	45
114.722607709	46
117.200929705	47
119.62201814	48
122.227006802	49
124.66510204	50
127.169115646	51
129.650136054	52
132.16079365	53
134.625011337	54
137.067460317	55
139.384875283	56
141.824920634	57
144.235170067	58
146.687777777	59
149.05185941	60
151.528843537	61
153.949818593	62
156.398072562	63
158.807142857	64
161.264104308	65
163.68478458	66
166.089795918	67
168.472448979	68
170.89893424	69
173.328321995	70
175.75770975	71
178.104376417	72
180.559886621	73
182.963151927	74
185.424875283	75
187.836439909	76
190.257210884	77
