0.366326530136	0
1.91172335514	1
3.46707482914	2
5.00124716514	3
6.54791383214	4
8.08823129214	5
9.63539682514	6
11.1917233551	7
12.7471201811	8
14.2723582761	9
15.8268934231	10
17.3898185931	11
18.9288662131	12
20.4717233551	13
22.0349659861	14
23.5548752831	15
25.1228798181	16
26.6669387751	17
28.3075283441	18
29.8513378681	19
31.3758503401	20
32.9441043081	21
33.6958503401	22
35.2564852601	23
36.7561678001	24
38.2812471651	25
39.7948979591	26
41.3301360541	27
42.8818820861	28
44.4234693871	29
45.9625170061	30
47.4964852601	31
49.0444217681	32
50.5402947841	33
52.0806122441	34
53.6031519271	35
55.1244217681	36
56.6748979591	37
58.1987074821	38
59.7618820861	39
61.3606122441	40
62.9199773241	41
64.4285487521	42
66.0171201811	43
66.7917233551	44
68.3193424031	45
69.8279138321	46
71.3504535141	47
72.8780725621	48
74.3752154191	49
75.9015646251	50
77.4406122441	51
78.9745804981	52
80.4895011331	53
82.0272789111	54
83.5523582761	55
85.0977551011	56
86.6126757361	57
88.1441043081	58
89.6945804981	59
91.2082312921	60
92.7485487521	61
94.3574376411	62
95.9155328791	63
97.4253741491	64
99.0126757361	65
99.8046938771	66
101.344104308	67
102.857755101	68
104.38664399	69
105.928231292	70
107.463469387	71
108.98600907	72
110.50600907	73
112.042517006	74
113.56818594	75
115.102834466	76
