0.332653061	0
2.508072562	1
4.612244897	2
6.750000000	3
8.813265306	4
10.915306122	5
13.007142857	6
15.103061224	7
17.163265306	8
19.240816326	9
21.313265306	10
23.390816326	11
25.484036281	12
27.545918367	13
29.610204081	14
31.679591836	15
33.717392290	16
35.802040816	17
37.852040816	18
39.940113378	19
41.996938775	20
44.090816326	21
46.157142857	22
48.244013605	23
50.316326530	24
52.399546485	25
54.511224489	26
56.612244897	27
58.727551020	28
60.798979591	29
62.906122448	30
64.954081632	31
67.004081632	32
69.119387755	33
71.213265306	34
73.292857142	35
75.401020408	36
77.476780045	37
79.559183673	38
81.642857142	39
83.729591836	40
85.813265306	41
87.845918367	42
89.937755102	43
92.030612244	44
94.102040816	45
96.146938775	46
98.230385487	47
100.331632653	48
102.430612244	49
104.513265306	50
106.596938775	51
108.678571428	52
110.752040816	53
112.863265306	54
114.952040816	55
117.051020408	56
119.107142857	57
121.134693877	58
123.239795918	59
125.338820861	60
127.417346938	61
129.476530612	62
131.518367346	63
133.595918367	64
135.652040816	65
137.707142857	66
139.778571428	67
141.860204081	68
143.907142857	69
145.940816326	70
148.004081632	71
150.100068027	72
152.178571428	73
154.228571428	74
156.286734693	75
158.367346938	76
160.436734693	77
162.497959183	78
164.553061224	79
166.616326530	80
168.711224489	81
170.744897959	82
172.854081632	83
174.986734693	84
177.059183673	85
179.160204081	86
181.241836734	87
183.325510204	88
185.403061224	89
187.490816326	90
189.586734693	91
191.656122448	92
193.727551020	93
195.783673469	94
197.860430839	95
199.979591836	96
202.059183673	97
204.086734693	98
206.189795918	99
208.266326530	100
210.322448979	101
212.384693877	102
214.507142857	103
216.588027210	104
218.685714285	105
220.776530612	106
222.841836734	107
224.917346938	108
227.008163265	109
229.085714285	110
231.159183673	111
233.260204081	112
235.341836734	113
237.398979591	114
239.515306122	115
