1.39126984113	0
3.85603174513	1
6.33603174513	2
8.80333333313	3
11.2249206341	4
13.6579365071	5
16.0759183671	6
18.5417460311	7
20.9468253961	8
23.3620634911	9
25.7607936501	10
28.1861904761	11
30.6039682531	12
33.0039682531	13
35.4065079361	14
37.8090476181	15
40.2496825391	16
42.6600907021	17
45.0871428571	18
47.5078004531	19
49.8953968251	20
52.2953968251	21
54.6801587301	22
57.0712698411	23
59.4791156461	24
61.8547619041	25
64.2682312921	26
66.6518140581	27
69.0026984121	28
71.4166666661	29
73.7760317451	30
76.1036507931	31
78.3880952371	32
80.7944444441	33
83.1334920631	34
85.5068253961	35
87.8255555551	36
90.2395238091	37
92.6598185931	38
95.0738095231	39
97.4458730151	40
99.8306349201	41
102.236984126	42
104.646303854	43
106.989999999	44
109.348095237	45
111.743015872	46
114.145555555	47
116.511269841	48
118.894761904	49
121.264285714	50
123.66047619	51
126.003333333	52
128.377936507	53
130.728412698	54
133.00015873	55
135.298571428	56
137.683900226	57
140.017301587	58
142.380997732	59
144.725873015	60
147.04371882	61
149.343015872	62
151.589365079	63
153.789999999	64
156.155714285	65
158.478253968	66
160.828730158	67
163.189365079	68
165.574126984	69
167.963968253	70
170.366507936	71
172.715714285	72
175.08324263	73
177.497936507	74
179.924603174	75
182.252222222	76
184.634444444	77
186.967142857	78
189.346825396	79
191.73031746	80
194.123809523	81
196.50111111	82
198.874444444	83
201.198253968	84
203.525873015	85
205.824285714	86
208.107460317	87
210.404897959	88
212.739682539	89
215.096666666	90
217.449682539	91
219.791269841	92
222.168412698	93
224.498571428	94
226.875714285	95
229.169047618	96
231.546190476	97
233.848412698	98
236.183650793	99
238.48079365	100
240.836099773	101
243.14111111	102
245.46111111	103
247.782380952	104
250.141746031	105
252.426190476	106
254.774126984	107
256.987460317	108
259.355714285	109
261.651768707	110
264.004603174	111
266.357619047	112
