0.210204081	0
2.367346938	1
4.504081632	2
6.641836734	3
8.771791383	4
10.877551020	5
12.987800453	6
15.089795918	7
17.197959183	8
19.323469387	9
21.459183673	10
23.610204081	11
25.752040816	12
27.887755102	13
30.004081632	14
32.119387755	15
34.230068027	16
36.341836734	17
38.409183673	18
40.541020408	19
42.669387755	20
44.770408163	21
46.861224489	22
48.973469387	23
51.095918367	24
53.187823129	25
55.297959183	26
57.383673469	27
59.499841269	28
61.571791383	29
63.650000000	30
65.723832199	31
67.790816326	32
69.867845804	33
71.955873015	34
74.057142857	35
76.165306122	36
78.251904761	37
80.353061224	38
82.459795918	39
84.558208616	40
86.661224489	41
88.716326530	42
90.835714285	43
92.956848072	44
95.048979591	45
97.127551020	46
99.215306122	47
101.312244897	48
103.404081632	49
105.583673469	50
108.302222222	51
110.923922902	52
113.512244897	53
116.030612244	54
118.527551020	55
121.049070294	56
123.545918367	57
126.025238095	58
128.545238095	59
130.965306122	60
133.381632653	61
135.465147392	62
137.569047619	63
139.642857142	64
141.707142857	65
143.769387755	66
145.841632653	67
147.914285714	68
149.979591836	69
151.928571428	70
153.985532879	71
156.053061224	72
158.106122448	73
160.153424036	74
162.177210884	75
164.257233560	76
166.305215419	77
168.269387755	78
170.325510204	79
172.406122448	80
174.473197278	81
176.531632653	82
178.594897959	83
180.657301587	84
182.726530612	85
184.709183673	86
186.777301587	87
188.844897959	88
190.922630385	89
192.963265306	90
195.042607709	91
197.130612244	92
199.181632653	93
201.134693877	94
203.191836734	95
205.271428571	96
207.330589569	97
209.393877551	98
211.466916099	99
213.532653061	100
215.592857142	101
217.574489795	102
219.641836734	103
221.714603174	104
223.779002267	105
225.828571428	106
227.898775510	107
229.990816326	108
232.042607709	109
233.994897959	110
236.063265306	111
238.133673469	112
240.205056689	113
242.256122448	114
244.330770975	115
246.387755102	116
248.456122448	117
250.434693877	118
252.501020408	119
254.576530612	120
256.650589569	121
258.690816326	122
260.764285714	123
262.854081632	124
264.906621315	125
266.858163265	126
