0.217097505	0
2.097188208	1
3.986712018	2
5.862222222	3
7.733106575	4
9.619727891	5
11.547709750	6
13.464807256	7
15.306439909	8
17.219183673	9
19.097823129	10
21.012743764	11
22.878321995	12
24.796145124	13
26.688571428	14
28.620453514	15
30.519682539	16
32.456031746	17
34.345079365	18
36.280952380	19
38.198412698	20
40.131111111	21
42.042857142	22
43.969206349	23
45.873968253	24
47.808027210	25
49.710158730	26
51.616825396	27
53.505714285	28
55.390793650	29
57.281587301	30
59.188888888	31
61.084126984	32
62.997777777	33
64.899365079	34
66.810476190	35
68.690476190	36
70.582539682	37
72.460634920	38
74.355238095	39
76.254285714	40
78.145714285	41
80.049841269	42
82.010476190	43
83.926031746	44
85.848571428	45
87.748253968	46
89.721587301	47
91.625079365	48
93.585079365	49
95.535555555	50
97.490476190	51
99.403492063	52
101.336190476	53
103.264081632	54
105.211111111	55
107.126031746	56
109.078072562	57
110.999682539	58
112.921587301	59
114.861269841	60
116.774285714	61
118.674603174	62
120.594603174	63
122.503809523	64
124.427619047	65
126.354603174	66
128.268253968	67
130.173650793	68
132.071428571	69
133.957142857	70
135.844126984	71
137.744036281	72
139.673333333	73
141.603492063	74
143.571111111	75
145.501904761	76
147.453015873	77
149.345079365	78
151.295555555	79
153.189523809	80
155.164761904	81
157.101904761	82
159.055555555	83
160.995238095	84
162.941269841	85
164.875873015	86
166.809206349	87
168.694920634	88
170.646666666	89
172.585079365	90
174.523492063	91
176.465714285	92
178.409206349	93
180.324126984	94
182.268888888	95
184.157142857	96
186.061904761	97
187.975555555	98
189.947619047	99
191.844126984	100
193.795873015	101
195.721587301	102
197.693650793	103
199.623809523	104
201.562857142	105
203.501269841	106
205.460634920	107
207.381904761	108
209.326666666	109
211.262539682	110
213.202222222	111
215.144081632	112
217.066984126	113
218.999682539	114
220.919047619	115
222.843492063	116
224.771746031	117
226.703809523	118
228.642222222	119
230.573650793	120
232.512063492	121
234.437777777	122
236.371746031	123
238.304444444	124
240.224104308	125
242.143174603	126
244.064444444	127
245.957142857	128
247.905079365	129
249.844126984	130
251.780634920	131
253.726031746	132
255.644761904	133
257.576190476	134
259.510793650	135
261.412380952	136
263.322222222	137
265.235873015	138
267.166031746	139
269.063174603	140
270.978730158	141
272.887936507	142
274.813650793	143
276.722222222	144
278.618095238	145
280.511428571	146
282.374920634	147
284.223174603	148
286.081587301	149
287.964126984	150
289.820000000	151
291.661269841	152
293.533650793	153
295.415555555	154
297.277142857	155
299.145714285	156
301.026349206	157
302.900634920	158
304.773015873	159
306.669523809	160
308.552698412	161
310.440317460	162
312.333015873	163
314.218095238	164
316.115873015	165
317.986349206	166
319.884761904	167
321.744444444	168
323.617460317	169
325.491111111	170
327.357142857	171
329.210476190	172
331.138095238	173
333.020000000	174
334.910158730	175
336.821269841	176
339.148888888	177
343.807210884	178
350.233287981	179
