0.246281178424	0
2.45834467042	1
4.66532879742	2
6.81643990842	3
8.95739228942	4
11.0640589564	5
13.1758049884	6
15.2786621314	7
17.3612018134	8
19.4323129244	9
21.5504081624	10
23.6367573694	11
25.7751700674	12
27.8475510194	13
29.9224716544	14
32.0329478454	15
34.1154875274	16
36.2183446704	17
38.2869160994	18
40.3808843534	19
42.4380272104	20
44.5624716544	21
46.6551700674	22
48.7262811784	23
50.8100907024	24
52.9154875274	25
54.9980498864	26
57.0996145124	27
59.1872335594	28
61.3448979584	29
63.3838548744	30
65.4799319724	31
67.5917460314	32
69.6961678004	33
71.8132653054	34
73.9600226754	35
76.0532653054	36
78.1517460314	37
80.2539002264	38
82.3677324254	39
84.4797505664	40
86.5688208614	41
88.7037188204	42
90.7919954644	43
92.9197732424	44
95.0171428564	45
97.1677551014	46
99.2431065754	47
101.351723355	48
103.471678004	49
105.569455781	50
107.695782312	51
109.77818594	52
111.913537414	53
114.010090702	54
116.121836734	55
118.224693877	56
120.352902493	57
122.444081632	58
124.530725623	59
126.675510203	60
128.760566893	61
130.87988662	62
132.935804988	63
135.03972789	64
137.14786848	65
139.255804988	66
141.351700679	67
143.455804988	68
145.560566893	69
147.630408162	70
149.767687074	71
151.839750566	72
153.965918366	73
156.059614512	74
158.159931972	75
160.227233559	76
162.367936507	77
164.486281178	78
166.625600906	79
168.680136053	80
170.803741496	81
172.895963718	82
175.023424035	83
177.152131518	84
179.229138321	85
181.399682539	86
183.48786848	87
185.591723355	88
187.719297051	89
189.815804988	90
191.935759636	91
194.044376416	92
196.151043083	93
198.255170067	94
200.383424035	95
202.51802721	96
204.61834467	97
206.723741496	98
208.84818594	99
210.999999999	100
213.063786847	101
215.167755101	102
217.294058956	103
219.389138321	104
221.527800453	105
223.613900226	106
225.731995464	107
227.847823128	108
229.983968253	109
232.053265305	110
234.192947845	111
236.27802721	112
238.442448979	113
240.467233559	114
242.639954648	115
244.703741496	116
246.80909297	117
248.911746031	118
250.984603174	119
253.055918366	120
255.159954648	121
257.224240362	122
259.32818594	123
261.43972789	124
263.546598639	125
265.67972789	126
267.786598639	127
269.887800453	128
272.001201813	129
274.135963718	130
276.22371882	131
278.319931972	132
280.407913831	133
282.519977323	134
284.636122448	135
286.77834467	136
288.848095237	137
290.975759636	138
293.095827663	139
295.232562357	140
297.335782312	141
299.451360543	142
301.583786847	143
303.704058956	144
305.855804988	145
307.953129251	146
310.04818594	147
312.125646258	148
314.233514738	149
316.335170067	150
318.469773242	151
320.591791382	152
322.696213151	153
324.791768707	154
326.895691609	155
328.944693877	156
331.071746031	157
333.223764171	158
335.344149659	159
337.424693877	160
339.55185941	161
341.657165532	162
343.78387755	163
345.880566893	164
347.943786847	165
350.063696144	166
352.183968253	167
354.286916099	168
356.38371882	169
358.463945577	170
360.576054421	171
362.672766439	172
364.784081632	173
366.862154194	174
368.991972788	175
371.052630385	176
373.138979591	177
375.263424035	178
377.383786847	179
