0.613514739229	0
2.72780045323	1
4.81551020323	2
6.87002267523	3
8.90938775423	4
10.9514512462	5
12.9995464852	6
15.0711111102	7
17.1049433102	8
19.1709750562	9
21.2087301582	10
23.2509750562	11
25.2954195002	12
27.3373242622	13
29.4058956912	14
31.4643083892	15
33.5087528342	16
35.5430385482	17
37.5862131512	18
39.6155102032	19
41.6952380952	20
43.7274829922	21
45.8152154192	22
47.8883446702	23
49.9432426302	24
52.0116099772	25
54.0598639452	26
56.1220861672	27
57.1417687072	28
59.1481179132	29
61.1925623582	30
63.2014512462	31
65.2458956912	32
67.2662131512	33
69.2992290242	34
71.3195464852	35
73.3335147392	36
75.3474829922	37
77.3779591832	38
79.3931972782	39
81.4160544212	40
83.4312925162	41
85.4541496592	42
87.4757369612	43
89.5776190472	44
91.6083219952	45
93.6579365072	46
95.6954195002	47
97.7360544212	48
99.7697505662	49
100.778594104	50
102.790022675	51
104.814149659	52
106.843356008	53
108.853514739	54
110.888480725	55
112.891609977	56
114.936054421	57
116.938594104	58
118.983038548	59
120.983038548	60
123.030022675	61
125.056689342	62
127.074467119	63
129.126530612	64
131.132879818	65
133.150657596	66
135.139229024	67
137.148117913	68
139.152222221	69
141.160816326	70
143.167165532	71
145.160816326	72
147.165895691	73
149.157006802	74
151.169705215	75
153.172244897	76
155.190022675	77
157.181133786	78
159.186213151	79
161.18494331	80
163.200181405	81
165.216689342	82
167.220498865	83
169.19510204	84
171.224308389	85
173.226848072	86
175.242086167	87
176.230022675	88
178.254149659	89
180.2554195	90
182.265578231	91
184.270657596	92
186.263038548	93
188.243990929	94
190.236371881	95
192.259229024	96
194.216054421	97
196.243990929	98
198.226213151	99
200.218594104	100
202.197006802	101
204.184308389	102
206.179229024	103
208.162721088	104
210.14494331	105
212.123356008	106
214.104308389	107
216.043356008	108
218.012879818	109
220.003990929	110
222.011609977	111
224.093854875	112
