0.440022675737	0
3.04954648474	1
5.59430838974	2
8.12383219874	3
10.6762131517	4
13.1524036277	5
15.6374829927	6
18.1047845797	7
20.5814965977	8
23.0330385487	9
25.5155782307	10
27.9485941037	11
30.3828798177	12
32.8362131517	13
35.2603401357	14
37.7096825387	15
40.1314512467	16
42.6051020407	17
43.8444671197	18
46.4044671197	19
48.8895464847	20
51.3797052147	21
53.8624263037	22
56.3104988657	23
58.7727210877	24
61.1892290247	25
63.6171655327	26
66.0624036277	27
68.4806575957	28
70.9124036277	29
73.3390702947	30
75.7784353737	31
78.2025623577	32
80.6114512467	33
83.0063718817	34
85.4784126977	35
86.7346258497	36
89.2298639447	37
91.6872789107	38
94.1916099767	39
96.6990702947	40
99.1460544217	41
101.623514739	42
103.996848072	43
106.405736961	44
108.805736961	45
111.199387755	46
113.623514739	47
115.985419501	48
118.370181406	49
120.766371882	50
123.14478458	51
125.51430839	52
127.911768707	53
129.13462585	54
131.600657596	55
134.059070295	56
136.504693877	57
138.933990929	58
141.341609977	59
143.747959183	60
146.177165533	61
148.573356009	62
150.969546485	63
153.380975056	64
155.763197279	65
158.141609977	66
160.520022676	67
162.913673469	68
165.257800453	69
167.629863945	70
170.001927437	71
171.21462585	72
173.671768707	73
176.108594104	74
178.518752834	75
180.932721088	76
183.343356009	77
185.730181406	78
188.095895691	79
190.391768707	80
192.748594104	81
195.086371882	82
197.413990929	83
199.74414966	84
202.071768707	85
204.408276644	86
206.715578231	87
209.027959183	88
211.39909297	89
212.621315193	90
215.03430839	91
217.439138322	92
219.847052154	93
222.225419501	94
224.597482993	95
226.955578231	96
229.283197279	97
231.59430839	98
233.951133787	99
236.283832199	100
238.607641723	101
240.898435374	102
243.231133787	103
245.54478458	104
247.831768707	105
250.143038549	106
252.443832199	107
253.640022676	108
256.037482993	109
258.390770975	110
260.770181406	111
263.127006802	112
265.467324263	113
267.807641723	114
270.107324263	115
272.407006802	116
274.687641723	117
276.95430839	118
279.200657596	119
281.462244898	120
283.770816326	121
286.087006802	122
288.374875283	123
290.596213152	124
292.92707483	125
294.113673469	126
296.433673469	127
298.791768707	128
301.129546485	129
303.457165533	130
305.805102041	131
308.136530612	132
310.453990929	133
312.756213152	134
315.067324263	135
317.416530612	136
319.751088435	137
322.054920635	138
324.363832199	139
326.702789115	140
328.983514739	141
331.27430839	142
333.646371882	143
334.950793651	144
337.778435374	145
