0.641224489383	0
3.80492063438	1
6.89519274338	2
10.0355102034	3
13.1593197274	4
16.2766213144	5
19.4005895684	6
22.5169841264	7
25.6240816324	8
28.7806122444	9
31.8831292514	10
35.0031292514	11
38.1383673464	12
41.2799546484	13
44.3872562354	14
47.5377324254	15
50.6145578224	16
53.7866213144	17
56.8812244894	18
59.9965759634	19
63.1428117914	20
66.2412244894	21
69.3886621314	22
72.5155102034	23
75.6443990924	24
78.7491609974	25
81.8640816324	26
85.0094784574	27
88.1247845804	28
91.2609070294	29
94.3694784574	30
97.5326530604	31
100.639954648	32
103.76494331	33
106.915510203	34
110.039070294	35
113.147891156	36
116.292698412	37
119.396780044	38
122.52185941	39
125.66217687	40
128.730113378	41
131.895827664	42
135.025986394	43
138.170113378	44
141.278684806	45
144.380907029	46
147.537732425	47
150.625986394	48
153.755623582	49
156.850748298	50
159.989795917	51
163.140272108	52
166.267891156	53
169.403129251	54
172.514240362	55
175.646938775	56
178.763287981	57
181.889478457	58
185.015827664	59
188.128208616	60
191.291587301	61
194.374557822	62
197.515306122	63
200.620907029	64
203.733287981	65
206.867256235	66
209.971587301	67
213.118684806	68
216.271700679	69
219.399614512	70
222.507891156	71
225.624081632	72
228.735192743	73
231.860816326	74
234.989160997	75
238.107278911	76
241.265986394	77
244.389795917	78
247.531927437	79
250.610748298	80
253.744603174	81
256.948526076	82
261.069160997	83
265.414557822	84
