0.384693877	0
1.643877551	1
2.845918367	2
4.026530612	3
5.205102040	4
6.405102040	5
7.581632653	6
8.721337868	7
9.862244897	8
11.034693877	9
12.177414965	10
13.293877551	11
14.409455782	12
15.593401360	13
16.775510204	14
17.957142857	15
19.110204081	16
20.299954648	17
21.442857142	18
22.570408163	19
23.701020408	20
24.891836734	21
26.056122448	22
27.209523809	23
28.351020408	24
29.527551020	25
30.665351473	26
31.837142857	27
32.977346938	28
34.145623582	29
35.231632653	30
36.385714285	31
37.525510204	32
38.713333333	33
39.887460317	34
41.032653061	35
42.201020408	36
43.353446712	37
44.489297052	38
45.618367346	39
46.773469387	40
47.885714285	41
49.029591836	42
50.189795918	43
51.336734693	44
52.498979591	45
53.636734693	46
54.758163265	47
55.905102040	48
57.029591836	49
58.181632653	50
59.340816326	51
60.498979591	52
61.632653061	53
62.756122448	54
63.865306122	55
65.006122448	56
66.125510204	57
67.258163265	58
68.397959183	59
69.557142857	60
70.676530612	61
71.810204081	62
72.956122448	63
74.114285714	64
75.220408163	65
76.358163265	66
77.524489795	67
78.651020408	68
79.776530612	69
80.944897959	70
82.079591836	71
83.228571428	72
84.409387755	73
85.533673469	74
86.656122448	75
87.789795918	76
88.961519274	77
90.105600907	78
91.257324263	79
92.402290249	80
93.504081632	81
94.657732426	82
95.783673469	83
96.957233560	84
98.073514739	85
99.223469387	86
100.350000000	87
101.503061224	88
102.627551020	89
103.813038548	90
104.929591836	91
106.051020408	92
107.201587301	93
108.329591836	94
109.473356009	95
110.608163265	96
111.758163265	97
112.893106575	98
114.089342403	99
