2.60358276568	1
4.57292516968	2
6.46535147368	3
8.39024943268	4
10.2810430837	5
12.1769160997	6
14.0461224487	7
15.9267573687	8
17.9426077097	9
19.7629478457	10
21.6194557817	11
23.4962811787	12
25.3578684807	13
27.2321541947	14
29.0962811787	15
30.9842857137	16
32.8626303847	17
34.7572335597	18
36.6632653057	19
38.5705668927	20
40.4613605437	21
42.3750113377	22
44.2467573687	23
46.1197732417	24
48.0958730157	25
49.9686621307	26
51.8302494327	27
53.7235827657	28
55.6257142857	29
57.5508843537	30
59.5064399087	31
61.4391383217	32
63.3705668927	33
65.2613605437	34
67.1242176867	35
68.9781859407	36
70.8476643987	37
72.7356462577	38
74.6467573687	39
76.5286621307	40
78.4588208617	41
80.3623129247	42
82.2645351467	43
84.1451700677	44
86.1177324257	45
87.9839229017	46
89.8569160997	47
91.7515192737	48
93.6194557817	49
95.5204081627	50
97.4476417227	51
99.3197052147	52
101.216145125	53
103.135668934	54
105.031519274	55
106.959977324	56
108.912154195	57
110.918503401	58
112.815646258	59
114.665804988	60
116.623809524	61
118.455011338	62
120.319138322	63
122.166757369	64
124.021995465	65
125.848027211	66
127.689297052	67
129.559773242	68
131.515396825	69
133.521428571	70
