0.407142857	0
3.814104308	1
7.143877551	2
10.519387755	3
13.847959183	4
17.168367346	5
20.481632653	6
23.776530612	7
27.118367346	8
30.407142857	9
33.698526077	10
36.925510204	11
40.255782312	12
43.567664399	13
46.941836734	14
50.477551020	15
53.048979591	16
56.472448979	17
59.786734693	18
63.129591836	19
66.470408163	20
69.814285714	21
73.112244897	22
76.471587301	23
79.790816326	24
83.119387755	25
86.361224489	26
89.671428571	27
92.975510204	28
96.263265306	29
99.807142857	30
102.400000000	31
105.841836734	32
109.150000000	33
112.523469387	34
115.827551020	35
119.200317460	36
122.478571428	37
125.778571428	38
129.107142857	39
132.404081632	40
135.679523809	41
138.976530612	42
142.262244897	43
145.558163265	44
149.155102040	45
151.736734693	46
155.148979591	47
158.431632653	48
161.779591836	49
165.124489795	50
168.497959183	51
171.784693877	52
175.127777777	53
178.441836734	54
181.775510204	55
184.959183673	56
188.282653061	57
191.592857142	58
194.916326530	59
198.497959183	60
201.058163265	61
204.487755102	62
207.859183673	63
211.303514739	64
214.661224489	65
218.022448979	66
221.277551020	67
224.623537414	68
227.919523809	69
231.289795918	70
234.588775510	71
237.959841269	72
241.168367346	73
244.455102040	74
247.741836734	75
251.072448979	76
254.611224489	77
257.201020408	78
260.667346938	79
263.985714285	80
267.455578231	81
270.879659863	82
