0.401020408	0
2.985714285	1
5.546938775	2
8.015306122	3
10.542857142	4
13.056122448	5
15.557142857	6
18.056122448	7
20.556507936	8
23.088775510	9
25.597959183	10
28.106122448	11
30.611224489	12
33.103061224	13
35.612244897	14
38.120408163	15
40.547959183	16
43.050000000	17
45.527551020	18
48.017006802	19
50.503061224	20
53.037755102	21
55.493877551	22
57.969387755	23
60.412585034	24
62.833673469	25
65.246938775	26
67.732653061	27
70.177165532	28
72.665306122	29
75.117346938	30
77.565306122	31
80.034693877	32
82.486734693	33
84.924489795	34
87.371428571	35
89.810204081	36
92.272970521	37
94.693877551	38
97.182653061	39
99.663265306	40
102.121428571	41
104.574489795	42
107.006122448	43
109.421428571	44
111.791836734	45
114.236734693	46
116.667346938	47
119.113129251	48
121.510204081	49
123.914104308	50
126.333673469	51
128.704920634	52
131.121972789	53
133.464988662	54
135.832902494	55
138.217188208	56
140.689183673	57
143.119387755	58
145.597959183	59
148.044897959	60
150.495918367	61
152.968367346	62
155.376530612	63
157.785714285	64
160.253061224	65
162.665034013	66
165.152040816	67
167.583673469	68
170.048979591	69
172.512970521	70
174.916326530	71
177.361224489	72
