0.404081632	0
3.159841269	1
5.864784580	2
8.496938775	3
11.157142857	4
13.802040816	5
16.476530612	6
19.077551020	7
21.720408163	8
24.345487528	9
26.972448979	10
29.568367346	11
30.862244897	12
33.546938775	13
36.153061224	14
38.784693877	15
41.364285714	16
44.058163265	17
46.724489795	18
49.364285714	19
51.977551020	20
54.592857142	21
57.178571428	22
59.839478458	23
62.509274376	24
65.069365079	25
67.668367346	26
70.244897959	27
72.830272108	28
75.428571428	29
78.060204081	30
80.654081632	31
83.212244897	32
85.822448979	33
88.421088435	34
91.044897959	35
93.646938775	36
96.197959183	37
98.819387755	38
101.429365079	39
102.710204081	40
105.309297052	41
107.934693877	42
110.539795918	43
113.152040816	44
115.758163265	45
118.350907029	46
120.924489795	47
123.524489795	48
126.085238095	49
128.635714285	50
131.234693877	51
133.845918367	52
136.414285714	53
138.962244897	54
141.529591836	55
144.109115646	56
146.693877551	57
149.259229024	58
151.822108843	59
154.382675736	60
156.952040816	61
159.485079365	62
162.006122448	63
164.565124716	64
167.152040816	65
168.427551020	66
170.965147392	67
173.574489795	68
176.153061224	69
178.765328798	70
181.286734693	71
183.867346938	72
186.461201814	73
189.008163265	74
191.550226757	75
194.135714285	76
196.693877551	77
199.278571428	78
201.851020408	79
204.439795918	80
206.968367346	81
209.552040816	82
212.106122448	83
214.652766439	84
217.226530612	85
219.788775510	86
222.356122448	87
224.857142857	88
227.379591836	89
229.897959183	90
232.431632653	91
234.965306122	92
237.503061224	93
240.038775510	94
242.601020408	95
245.102040816	96
247.627551020	97
250.135714285	98
252.688616780	99
255.204081632	100
257.764285714	101
260.296394557	102
262.845918367	103
265.377551020	104
267.904625850	105
270.457891156	106
272.984671201	107
275.580612244	108
278.125510204	109
280.684693877	110
283.283673469	111
285.808412698	112
288.387755102	113
290.932653061	114
293.509183673	115
296.048367346	116
298.625510204	117
301.176643990	118
303.736417233	119
306.392517006	120
