0.367346938	0
2.917346938	1
5.387755102	2
7.710204081	3
9.915306122	4
12.191836734	5
14.512244897	6
16.726530612	7
19.066326530	8
20.220408163	9
22.464285714	10
24.756122448	11
26.957142857	12
29.194285714	13
31.484693877	14
32.646938775	15
34.939795918	16
37.279591836	17
39.684693877	18
41.975510204	19
44.257505668	20
46.508163265	21
48.792857142	22
51.065306122	23
53.375510204	24
54.530612244	25
56.811224489	26
59.114285714	27
61.380612244	28
63.657528344	29
65.924489795	30
67.141836734	31
69.388775510	32
71.664285714	33
73.979591836	34
76.265306122	35
78.553922902	36
80.841609977	37
83.071428571	38
85.321632653	39
87.561678004	40
89.769750566	41
92.001496598	42
94.237755102	43
96.467346938	44
98.713741496	45
100.964285714	46
102.102040816	47
104.354331065	48
106.601768707	49
108.872448979	50
111.097959183	51
113.308163265	52
115.451020408	53
117.657709750	54
119.870408163	55
122.067346938	56
123.193877551	57
125.405102040	58
127.617482993	59
129.815306122	60
131.992857142	61
134.194897959	62
136.412244897	63
138.682539682	64
140.956122448	65
143.282653061	66
145.482653061	67
147.656122448	68
149.823469387	69
151.995918367	70
154.210204081	71
156.460204081	72
158.636734693	73
160.820408163	74
163.025691609	75
165.233764172	76
167.393764172	77
169.593877551	78
171.827551020	79
175.359183673	80
179.681632653	81
183.836734693	82
