0.24283446712	0
2.63376417212	1
5.03158730112	2
7.42324263012	3
9.81714285712	4
12.2105442171	5
14.6054648521	6
16.9905895691	7
19.3929478451	8
21.7789795911	9
24.1713605441	10
26.5503174601	11
28.9655555551	12
31.3481405891	13
33.7514058951	14
36.1448752831	15
38.5401587301	16
40.9220181401	17
43.3220181401	18
45.7180272101	19
48.1151247161	20
50.4958956911	21
52.9031519271	22
55.3002494321	23
57.6915419491	24
60.0712244891	25
62.4581632651	26
64.8504988661	27
67.2430612241	28
69.6515873011	29
72.0251927431	30
74.4377097501	31
76.7948526071	32
79.2288208611	33
81.6084126981	34
83.9899999991	35
86.4065079361	36
88.7846031741	37
91.1696825391	38
93.5881859401	39
95.9597959181	40
98.3536054421	41
100.756893423	42
103.154444444	43
105.539024943	44
107.946553287	45
110.346099773	46
112.731179138	47
115.1192517	48
117.504829931	49
119.897891156	50
122.283469387	51
124.668049886	52
127.061609977	53
129.482607709	54
131.85371882	55
134.264739228	56
136.654807256	57
139.006213151	58
141.428458049	59
143.831043083	60
146.232857142	61
148.610725623	62
151.015079364	63
153.411088435	64
155.80818594	65
158.179160997	66
160.574081632	67
162.979523809	68
165.37770975	69
167.774081632	70
170.160657596	71
172.548321995	72
174.937074829	73
177.341678004	74
179.722925169	75
182.129455782	76
184.519659863	77
186.915306122	78
189.298616779	79
191.70079365	80
194.091723355	81
196.485555555	82
198.879024943	83
201.272857142	84
203.661247165	85
206.061609977	86
208.453265306	87
210.845283446	88
213.23802721	89
215.630770974	90
218.018435374	91
220.412993197	92
222.801746031	93
225.206462584	94
227.595215419	95
229.964376417	96
232.382517006	97
234.761473922	98
237.166190476	99
239.576349206	100
241.952766439	101
244.347687074	102
246.718662131	103
249.127437641	104
251.498299319	105
253.915034013	106
256.308140589	107
258.69893424	108
261.08600907	109
263.489047618	110
265.854671201	111
268.275170067	112
270.664240362	113
273.062789115	114
275.449365079	115
277.837936507	116
280.23249433	117
282.633038548	118
285.017619047	119
287.414671201	120
289.811723355	121
292.211269841	122
294.604331065	123
296.980430838	124
299.387959183	125
301.766054421	126
304.174081632	127
306.546689342	128
308.936757369	129
311.339795918	130
313.745328798	131
316.128911564	132
318.532448979	133
320.918390022	134
323.307142857	135
325.714399092	136
328.104965986	137
330.495895691	138
332.87956916	139
335.284648525	140
337.665782312	141
340.057800453	142
342.453809523	143
344.860702947	144
347.249455782	145
349.635668934	146
352.009183673	147
354.435306122	148
356.81680272	149
359.213900226	150
361.613174603	151
364.000929705	152
366.383061224	153
368.780521541	154
371.182698412	155
373.577256235	156
375.95802721	157
378.361655328	158
380.746780045	159
383.15185941	160
385.543151927	161
387.935170067	162
390.331541949	163
392.722471655	164
395.109047618	165
397.514852607	166
399.903605442	167
402.297074829	168
404.691995464	169
407.08510204	170
409.474580498	171
411.869501133	172
414.265510203	173
416.654988662	174
419.049183673	175
421.437573696	176
423.82510204	177
426.228503401	178
428.609999999	179
431.000997732	180
