0.000000000	0
1.168367346	1
2.232653061	2
3.319229024	3
4.343877551	4
5.484036281	5
6.523922902	6
7.669387755	7
8.779591836	8
9.868072562	9
10.955850340	10
12.037755102	11
13.099886621	12
14.171859410	13
15.220022675	14
16.334693877	15
17.435986394	16
18.517641723	17
19.587868480	18
20.620113378	19
21.716122448	20
22.803968253	21
23.876734693	22
24.940181405	23
26.028185941	24
27.059841269	25
28.093083900	26
29.155827664	27
30.243854875	28
31.325079365	29
32.414285714	30
33.481020408	31
34.515873015	32
35.531859410	33
36.581950113	34
37.613038548	35
38.686734693	36
39.739863945	37
40.811904761	38
41.896099773	39
42.980045351	40
44.005283446	41
45.067006802	42
46.142290249	43
47.148027210	44
48.204308390	45
49.294897959	46
50.344693877	47
51.360884353	48
52.440884353	49
53.500000000	50
54.560680272	51
55.576938775	52
56.624988662	53
57.696689342	54
58.761020408	55
59.824693877	56
60.856643990	57
61.920702947	58
62.976666666	59
64.008707482	60
65.035260770	61
66.081609977	62
67.112698412	63
68.152879818	64
69.176825396	65
70.233038548	66
71.280657596	67
72.360725623	68
73.392721088	69
74.448684807	70
75.496643990	71
76.528662131	72
77.584648526	73
78.630952380	74
79.672789115	75
80.712675736	76
81.768140589	77
82.816712018	78
83.856643990	79
84.888684807	80
85.912675736	81
86.946281179	82
88.024671201	83
89.072766439	84
90.104829931	85
91.164263038	86
92.192675736	87
93.240702947	88
94.264693877	89
95.297120181	90
96.357142857	91
97.401428571	92
98.386734693	93
99.392675736	94
100.416666666	95
101.424648526	96
102.464648526	97
103.496961451	98
104.554467120	99
105.576848072	100
106.596326530	101
107.633038548	102
108.712879818	103
109.760657596	104
110.830612244	105
111.900000000	106
112.940816326	107
113.971156462	108
115.036303854	109
116.064648526	110
117.112766439	111
118.160748299	112
119.217800453	113
120.168934240	114
121.232675736	115
122.320634920	116
123.351927437	117
124.384784580	118
125.376848072	119
126.401405895	120
127.416689342	121
128.440657596	122
129.488639455	123
130.496893424	124
131.534308390	125
132.613242630	126
133.600839002	127
134.672653061	128
135.728639455	129
136.792698412	130
137.817052154	131
138.888639455	132
139.984013605	133
140.968662131	134
142.019387755	135
143.040748299	136
144.056825396	137
145.112857142	138
146.128752834	139
147.169387755	140
148.200045351	141
149.264784580	142
150.280884353	143
151.304671201	144
152.352743764	145
153.360929705	146
154.369523809	147
155.433424036	148
156.440657596	149
157.464761904	150
158.456666666	151
159.472698412	152
160.512698412	153
161.563083900	154
162.608639455	155
163.640680272	156
164.672630385	157
165.654081632	158
166.720884353	159
167.721451247	160
168.746371882	161
169.736666666	162
170.736712018	163
171.792653061	164
172.840770975	165
173.904671201	166
174.954285714	167
175.960702947	168
177.032698412	169
178.062947845	170
179.056666666	171
180.072993197	172
181.090521541	173
182.120770975	174
183.143673469	175
184.152653061	176
185.168684807	177
186.184693877	178
187.216893424	179
188.240839002	180
189.264693877	181
190.258480725	182
191.261043083	183
