0.298798185941	0
2.62124716494	1
4.89634920594	2
7.20963718794	3
9.50546485194	4
11.8100907029	5
14.1378911559	6
16.4192516999	7
18.7499546479	8
21.0603401359	9
23.3649206339	10
25.6651473919	11
27.9914965979	12
30.3294557819	13
32.5904988659	14
34.9090022669	15
37.2232879809	16
39.5506802719	17
41.8857369609	18
44.1714512469	19
46.4557142849	20
48.7936734689	21
51.1388888879	22
53.5131292509	23
55.8031972779	24
58.1585714279	25
60.4936281169	26
62.8794784579	27
65.1980498859	28
67.5249206339	29
69.8831972779	30
72.2051927429	31
74.4967120179	32
76.8520861669	33
79.1798866209	34
81.5294557819	35
83.8064625849	36
86.1197505659	37
88.4141723349	38
90.7216553279	39
93.0668707479	40
95.3961224489	41
97.7369841269	42
100.092358276	43
102.402743764	44
104.746507936	45
107.052539682	46
109.387596371	47
111.68201814	48
113.985147392	49
116.307142857	50
118.617528344	51
120.949682539	52
123.264421768	53
125.571904761	54
127.873582766	55
130.207188208	56
132.555306122	57
134.884557823	58
137.235578231	59
139.519841269	60
141.846190476	61
144.159478458	62
146.466961451	63
148.787505668	64
