0.34126984127	0
2.62843537327	1
5.41047619027	2
7.88664399027	3
10.6770521533	4
12.9221315193	5
15.6316099773	6
17.5824036273	7
19.3090702943	8
21.0912018133	9
22.8951020403	10
24.6278911563	11
26.3843083893	12
28.1344217683	13
29.8544671193	14
31.6066213143	15
33.3780498863	16
35.1073469383	17
36.8800907023	18
38.5986394553	19
40.3608616773	20
42.1052607703	21
43.9048072553	22
45.6448526073	23
47.4466439903	24
49.1568707483	25
50.8867573693	26
52.6067346933	27
54.3436281173	28
56.0619047613	29
57.7526077093	30
59.4926530603	31
61.2530158723	32
63.0017687073	33
64.7040816323	34
66.4005895683	35
68.1565986393	36
69.8763265303	37
71.5713832193	38
73.2864399093	39
74.9826077093	40
76.6946031743	41
78.4009523803	42
80.1279365073	43
81.8607256233	44
83.5775510203	45
85.3437188203	46
87.0866439903	47
88.7947845803	48
90.5103854873	49
92.2465986393	50
93.9993197273	51
95.7448072553	52
97.4921088433	53
99.2423129243	54
100.97510204	55
102.661451246	56
104.395691609	57
106.145351473	58
107.829705215	59
109.527664398	60
111.236507936	61
112.95170068	62
114.65510204	63
116.366666666	64
118.054603174	65
119.762585033	66
121.457823128	67
123.125850339	68
124.821088435	69
126.480045351	70
128.171655328	71
129.755328797	72
131.447845804	73
133.130385487	74
134.841950113	75
136.529931972	76
138.222426303	77
139.928571428	78
141.612925169	79
143.283673469	80
144.977097505	81
146.678684806	82
148.379365079	83
150.070068026	84
151.776190475	85
153.45600907	86
155.145804988	87
156.821088435	88
158.490022675	89
160.092743763	90
161.788888888	91
163.48664399	92
165.183900226	93
166.856462584	94
168.523582766	95
170.207936507	96
171.892290249	97
173.573015872	98
175.262403627	99
176.926303854	100
178.588888888	101
180.277777777	102
181.926757369	103
183.584807255	104
185.249206348	105
186.88095238	106
188.557142856	107
190.262403627	108
191.950340135	109
193.643764172	110
195.350657596	111
197.042403627	112
198.753968253	113
200.438412698	114
202.147301587	115
203.825170067	116
205.519501133	117
207.16031746	118
208.831065759	119
210.497142856	120
212.150453514	121
213.772562358	122
215.458730158	123
217.119501133	124
218.790249432	125
220.483673469	126
222.126394557	127
223.790453514	128
225.421541949	129
227.09047619	130
228.674149659	131
230.330385487	132
232.062517006	133
233.774603174	134
235.546712017	135
237.286462584	136
239.069614512	137
240.814648525	138
242.534489795	139
244.271950113	140
246.031814058	141
247.775918367	142
249.557596371	143
251.334671201	144
253.134671201	145
254.82249433	146
256.510566893	147
258.196145124	148
259.902675736	149
261.549433106	150
263.304535147	151
265.030544217	152
266.817687074	153
268.539002267	154
270.300453514	155
272.002040816	156
273.741723355	157
275.450566893	158
