0.735215419417	0
2.05294784542	1
3.33439909242	2
4.68428571342	3
5.99743764142	4
7.28614512442	5
8.59226757342	6
9.87807256142	7
11.1551700674	8
12.4250113374	9
13.7548752834	10
15.0241950104	11
16.2679138314	12
17.5791156454	13
18.7756689334	14
20.1035600904	15
21.3946485254	16
22.6954875274	17
24.0025170064	18
25.3004761904	19
26.6105668934	20
27.9170748294	21
29.1811111104	22
30.5031972784	23
31.8325396824	24
33.1644671194	25
34.2851473914	26
35.5825623574	27
36.8640136054	28
38.1773922894	29
39.4583673464	30
40.7098185934	31
42.0473922894	32
43.3307709744	33
44.5991609974	34
45.9064172334	35
47.1751247164	36
48.4824489794	37
49.7206122444	38
51.0470521534	39
52.3517233554	40
53.6491383214	41
54.9632653054	42
56.2439682534	43
57.5625170064	44
58.8744217684	45
60.1544217684	46
61.4427210884	47
62.7623809514	48
64.0904308384	49
65.2199319724	50
66.5385941034	51
67.8510430834	52
69.1353968244	53
70.4255555554	54
71.7026530604	55
73.0479591834	56
74.3737868474	57
75.6065079364	58
76.9126303854	59
78.1621541944	60
79.3870068024	61
80.6786167794	62
81.9890929704	63
83.2966666664	64
84.5973696144	65
85.8218367344	66
87.1192290244	67
88.4216780044	68
89.7256916094	69
90.9621541944	70
92.2450566884	71
93.5221541944	72
94.8136734684	73
95.9558956914	74
97.2649206344	75
98.5976190474	76
99.8936054414	77
101.149501133	78
102.419750566	79
103.741337868	80
105.024739228	81
106.325306122	82
107.590544217	83
108.845873015	84
110.133287981	85
111.413673468	86
112.754671201	87
114.013287981	88
115.312630385	89
116.653310657	90
117.900204081	91
119.240612244	92
120.50664399	93
121.773582766	94
123.111337868	95
124.381473922	96
125.715396824	97
126.912448979	98
128.233083899	99
129.555170067	100
130.8754195	101
132.12387755	102
133.409682539	103
134.761791382	104
135.994353741	105
137.31063492	106
138.576122448	107
139.861927437	108
141.105646258	109
142.427414965	110
