0.743877551	0
2.721836734	1
4.686734693	2
6.685714285	3
8.608163265	4
10.600000000	5
12.585850340	6
14.565306122	7
16.502040816	8
18.486734693	9
20.512244897	10
22.423469387	11
24.397959183	12
26.381632653	13
28.310748299	14
30.301972789	15
32.276530612	16
34.246938775	17
36.172448979	18
38.178571428	19
40.109183673	20
42.070907029	21
44.110204081	22
46.067346938	23
48.037891156	24
50.013764172	25
51.960204081	26
53.924489795	27
55.927346938	28
57.891065759	29
59.877573696	30
61.824489795	31
63.807142857	32
65.789886621	33
67.723469387	34
69.730181405	35
71.690816326	36
73.613877551	37
75.575056689	38
77.533582766	39
79.525804988	40
81.485532879	41
83.501564625	42
85.487755102	43
87.470408163	44
89.470408163	45
91.445578231	46
93.401020408	47
95.388775510	48
97.386734693	49
99.347959183	50
101.333741496	51
103.261564625	52
105.253673469	53
107.226530612	54
109.233673469	55
111.181587301	56
113.161224489	57
115.140816326	58
117.145918367	59
119.141632653	60
121.103061224	61
123.040816326	62
125.029954648	63
127.013650793	64
128.991836734	65
130.936734693	66
132.925351473	67
134.877551020	68
136.863265306	69
138.853582766	70
140.829682539	71
142.781882086	72
144.751020408	73
146.725782312	74
148.693582766	75
150.692857142	76
