2.437755102	1
5.112244897	2
7.797959183	3
10.466326530	4
13.285714285	5
16.041836734	6
18.916326530	7
21.671428571	8
24.430612244	9
27.169387755	10
29.941836734	11
32.689795918	12
35.463265306	13
38.235714285	14
40.944897959	15
43.680068027	16
46.396938775	17
49.108367346	18
51.790022675	19
54.492494331	20
57.216326530	21
59.948412698	22
62.671428571	23
65.413265306	24
68.140521541	25
70.876530612	26
73.584693877	27
76.324489795	28
79.037755102	29
81.808163265	30
84.512244897	31
87.197959183	32
89.966326530	33
92.716326530	34
95.436394557	35
98.176530612	36
100.910204081	37
103.610204081	38
106.396394557	39
109.165941043	40
111.929591836	41
114.623469387	42
117.285714285	43
119.959183673	44
122.614013605	45
125.292380952	46
127.963265306	47
130.609183673	48
133.452448979	49
136.164285714	50
138.900453514	51
141.574489795	52
144.339795918	53
147.028662131	54
149.848979591	55
152.652040816	56
155.420612244	57
158.225510204	58
161.005941043	59
163.693877551	60
166.428571428	61
169.212426303	62
171.956439909	63
174.749002267	64
177.505102040	65
180.202040816	66
182.910204081	67
185.660725623	68
188.388344671	69
191.164285714	70
193.956417233	71
196.754081632	72
199.520408163	73
202.295918367	74
205.076507936	75
207.726530612	76
210.475510204	77
213.165147392	78
215.932403628	79
218.485873015	80
221.212244897	81
223.902040816	82
226.612607709	83
229.282947845	84
231.919773242	85
234.548503401	86
237.251020408	87
239.820566893	88
242.511224489	89
245.174489795	90
247.836575963	91
250.436394557	92
253.084557823	93
255.774489795	94
258.395918367	95
261.042857142	96
263.660204081	97
266.265034013	98
268.821428571	99
271.376530612	100
273.940430839	101
276.517913832	102
279.092426303	103
281.708390022	104
284.292562358	105
286.940612244	106
289.537687074	107
292.187755102	108
294.902040816	109
297.604489795	110
300.217346938	111
302.934693877	112
305.581632653	113
308.196575963	114
