1.942857142	1
4.354081632	2
6.780612244	3
9.165306122	4
11.558163265	5
13.969387755	6
16.394421768	7
18.840816326	8
21.234693877	9
23.651020408	10
26.086734693	11
28.491201814	12
30.928571428	13
33.342857142	14
35.794172335	15
38.269387755	16
40.738775510	17
43.221428571	18
45.693877551	19
48.195918367	20
50.666145124	21
53.184693877	22
55.602040816	23
57.994897959	24
60.390816326	25
62.801020408	26
65.194897959	27
67.602176870	28
69.984693877	29
72.389795918	30
74.780612244	31
77.179591836	32
79.572448979	33
81.977551020	34
84.466326530	35
86.938775510	36
89.407142857	37
91.870408163	38
94.313265306	39
96.780612244	40
99.226326530	41
101.681632653	42
104.115419501	43
106.570408163	44
109.006122448	45
111.443877551	46
113.846938775	47
116.290816326	48
118.713265306	49
121.157142857	50
123.584693877	51
126.022448979	52
128.437755102	53
130.853061224	54
133.271428571	55
135.654081632	56
138.136734693	57
140.608163265	58
143.069387755	59
145.533673469	60
148.010181405	61
150.422448979	62
152.892857142	63
155.272448979	64
157.756122448	65
160.131632653	66
162.575510204	67
164.986235827	68
167.435714285	69
169.859183673	70
