0.596938775	0
2.824489795	1
5.029591836	2
7.257437641	3
9.534693877	4
11.835714285	5
14.101020408	6
16.376757369	7
18.661224489	8
20.910204081	9
23.218752834	10
25.485714285	11
27.759183673	12
30.027551020	13
32.309183673	14
34.566326530	15
36.809183673	16
39.032993197	17
41.281020408	18
43.472448979	19
45.617346938	20
47.842857142	21
50.104784580	22
52.328571428	23
54.570408163	24
56.812244897	25
59.063696145	26
61.186734693	27
63.388775510	28
65.592743764	29
67.817006802	30
70.025102040	31
72.272743764	32
74.488707482	33
76.737052154	34
79.031632653	35
81.265306122	36
83.591836734	37
85.888775510	38
88.124489795	39
90.369387755	40
92.628730158	41
94.807142857	42
97.033673469	43
99.258163265	44
101.473469387	45
103.655102040	46
105.895918367	47
108.100000000	48
110.352766439	49
112.569387755	50
114.793106575	51
117.016757369	52
119.209183673	53
121.413265306	54
123.625011337	55
125.828503401	56
128.056984126	57
130.273265306	58
132.473854875	59
134.704716553	60
137.005102040	61
139.257913832	62
141.528798185	63
143.824807256	64
146.074467120	65
148.278571428	66
150.520408163	67
152.680612244	68
154.922902494	69
157.145918367	70
159.374489795	71
161.581632653	72
163.808798185	73
166.034693877	74
168.233673469	75
170.436734693	76
172.634535147	77
174.806122448	78
176.977006802	79
179.144807256	80
181.313061224	81
183.512086167	82
185.685736961	83
187.864807256	84
190.072789115	85
192.191065759	86
