7.55260770915	0
10.0081179132	1
12.4462811782	2
14.8959183672	3
17.3557823122	4
19.7663038542	5
22.1754421762	6
24.5917006802	7
26.9862585032	8
29.3735600902	9
31.7884353732	10
34.1684807252	11
36.5499773242	12
38.9329251692	13
41.3144217682	14
43.6799546482	15
46.0411337862	16
48.4307709742	17
50.8221541942	18
53.2030385482	19
55.5613151922	20
57.9326530612	21
60.3170521542	22
62.6767800452	23
65.0524716552	24
67.4063945572	25
69.7427437642	26
72.1505215412	27
74.5182766432	28
76.8772335592	29
79.2460090702	30
81.5966893422	31
83.9580045342	32
86.3101814052	33
88.6942176862	34
91.0620861672	35
93.4287074822	36
95.7981405892	37
98.1467120172	38
100.503673469	39
102.854557822	40
105.172040816	41
107.543537414	42
109.902063491	43
112.264444444	44
114.598208616	45
116.99015873	46
119.326213151	47
121.668526076	48
124.022063491	49
126.35170068	50
128.740453514	51
131.12600907	52
133.474421768	53
135.862086167	54
138.222426303	55
140.566666666	56
142.953696144	57
145.338367346	58
147.693741496	59
150.059909296	60
152.41755102	61
154.782358276	62
157.113582766	63
159.455487528	64
161.774376417	65
164.14201814	66
166.478253968	67
168.852925169	68
171.190249432	69
173.51802721	70
175.849387754	71
178.182380952	72
180.558004534	73
182.850204081	74
185.190362811	75
187.514512471	76
189.838299319	77
192.181723355	78
194.492108843	79
196.876507936	80
199.229183673	81
201.567301587	82
203.88632653	83
206.223696144	84
