0.369342403628	0
1.73061224463	1
3.03963718763	2
4.41832199463	3
5.74031745963	4
7.12278911563	5
8.42521541863	6
9.82421768663	7
11.1201814056	8
12.5389795916	9
13.8136961446	10
15.1836734686	11
16.4767346936	12
17.8509297046	13
19.1368707476	14
20.4473469386	15
21.7346031736	16
23.0585941036	17
24.3671655326	18
25.6761904756	19
26.9692517006	20
28.2811791376	21
29.5829478456	22
30.8934240356	23
32.2345804986	24
33.6348299316	25
35.0120634916	26
36.4415419496	27
37.7476643986	28
39.1147392286	29
40.4542403626	30
41.8026984126	31
43.0882539676	32
44.4556689336	33
45.7629024936	34
47.0965986386	35
48.4426077096	36
49.8815419496	37
51.2239455776	38
52.6425623576	39
54.0132426296	40
55.3454875276	41
56.7065986386	42
58.0344897956	43
59.3401814056	44
60.6436961446	45
61.9708843536	46
63.2954195006	47
64.6378231286	48
66.0505668926	49
67.4097052146	50
68.8026757366	51
70.1569160996	52
71.5147619046	53
72.8586394556	54
74.2102494326	55
75.5228571426	56
76.8210430836	57
78.1619954646	58
79.5388662126	59
80.8584126976	60
82.2666893416	61
83.7159183666	62
85.1395918366	63
86.4587755096	64
87.8265306116	65
89.1787301586	66
90.5045351466	67
91.7946031736	68
93.1548299316	69
94.5225396816	70
95.8265759636	71
97.1385034006	72
98.4986167796	73
99.8450793646	74
101.19292517	75
102.508117914	76
103.862131519	77
105.190022676	78
106.544036281	79
107.84	80
109.160634921	81
110.503038549	82
111.826575964	83
113.17478458	84
114.605714286	85
115.971337868	86
117.394421769	87
118.708390023	88
120.106643991	89
121.442834467	90
122.735600907	91
124.122857143	92
125.446530612	93
126.781678004	94
128.146621315	95
129.437460317	96
130.881451247	97
132.220952381	98
133.627210884	99
134.998639456	100
136.370975057	101
137.71292517	102
139.010612245	103
140.314557823	104
141.632290249	105
142.948571428	106
144.32260771	107
145.642879818	108
146.989977324	109
148.386553288	110
149.692426304	111
151.060997732	112
152.383129252	113
153.793741496	114
155.110022676	115
156.490861678	116
157.818049886	117
159.206893424	118
160.538594104	119
161.929433106	120
163.29185941	121
164.666938775	122
165.978639456	123
167.346598639	124
168.700952381	125
170.07478458	126
171.434807256	127
172.77170068	128
174.13861678	129
175.506575964	130
176.820680272	131
178.252857143	132
