3.21664399037	0
5.11342403537	1
7.01165532837	2
8.91079365037	3
10.8095691604	4
12.7091609974	5
14.6063038544	6
16.5018140584	7
18.4037414964	8
20.2993650794	9
22.1960770974	10
24.0944671194	11
25.9916099764	12
27.8918594104	13
29.7879138314	14
31.6837414964	15
33.5877324254	16
35.4830385484	17
37.3793650794	18
39.2781405894	19
41.1760997724	20
43.0757823124	21
44.9720181404	22
46.8691609974	23
48.7671201814	24
50.6658956914	25
52.5622222214	26
54.4601814054	27
56.3573242624	28
58.2569160994	29
60.1544671194	30
62.0520181404	31
63.9491609974	32
65.8463038544	33
67.7434467114	34
69.6411337864	35
71.5388208614	36
73.4365079364	37
75.3336507934	38
77.2324263034	39
79.1301133784	40
81.0280045344	41
82.9254875274	42
84.8231746024	43
86.7203174594	44
88.6185487524	45
90.5162358274	46
92.4128344664	47
94.3105215414	48
96.2082086164	49
98.1058956914	50
100.004126983	51
101.90126984	52
103.798412698	53
105.696099772	54
107.593786847	55
109.492562357	56
111.389705215	57
113.287392289	58
115.185623582	59
117.082222221	60
118.980453514	61
120.878140589	62
122.775827664	63
124.674603174	64
126.571201813	65
128.468888888	66
130.366575963	67
132.264263038	68
134.161950113	69
136.059637187	70
137.95786848	71
139.856099772	72
141.75324263	73
143.650929704	74
145.549160997	75
147.446848072	76
149.345623582	77
151.242766439	78
153.140453514	79
155.038140589	80
156.935827664	81
158.834058956	82
160.731201813	83
162.629433106	84
164.527120181	85
166.424263038	86
168.32249433	87
170.219637187	88
172.117324262	89
174.015555555	90
175.912154194	91
177.810385487	92
179.708616779	93
181.605759636	94
183.503990929	95
185.401133786	96
187.299909296	97
189.198140589	98
191.095827664	99
192.994058956	100
194.892290249	101
196.789433106	102
198.687120181	103
200.585351473	104
202.484920634	105
204.382358276	106
206.279501133	107
208.17972789	108
210.077052153	109
211.974739228	110
213.873514738	111
215.770657596	112
217.669433106	113
219.568208616	114
221.465895691	115
223.364648525	116
225.262358276	117
227.160589568	118
229.059365079	119
230.957052153	120
232.855283446	121
234.753514738	122
236.652290249	123
238.551065759	124
240.449297051	125
242.347528344	126
244.246303854	127
246.145079364	128
248.042766439	129
249.941541949	130
251.839773242	131
253.740725623	132
255.635691609	133
257.533922902	134
259.432154194	135
261.330385487	136
263.229160997	137
265.126303854	138
267.024535147	139
268.922766439	140
270.820453514	141
272.718684806	142
274.616916099	143
276.514603174	144
278.413378684	145
280.310521541	146
282.209297051	147
284.107528344	148
286.005215419	149
287.903446711	150
289.800589568	151
291.698820861	152
293.597052153	153
295.494739228	154
297.392970521	155
299.291201813	156
301.188888888	157
303.086575963	158
304.984807255	159
306.88249433	160
308.78126984	161
310.67786848	162
312.57664399	163
314.474331065	164
316.371768707	165
318.269705215	166
320.167392289	167
322.065079364	168
323.964399092	169
325.861541949	170
327.760317459	171
329.657460317	172
331.555691609	173
333.453922902	174
335.351065759	175
337.249297051	176
339.146439908	177
341.044126983	178
342.941814058	179
344.838956915	180
346.752426303	181
348.68356009	182
350.593492063	183
352.523628117	184
