0.775510204	0
4.495918367	1
8.156122448	2
11.820408163	3
15.504081632	4
19.296938775	5
22.996938775	6
26.698979591	7
30.436734693	8
34.107142857	9
37.724489795	10
41.354081632	11
45.067346938	12
48.789795918	13
52.495215419	14
56.185714285	15
59.901020408	16
63.657142857	17
67.413265306	18
71.114285714	19
74.786734693	20
78.485714285	21
82.112244897	22
85.778571428	23
89.408163265	24
93.111519274	25
96.737755102	26
100.416598639	27
104.124489795	28
107.863265306	29
111.581632653	30
115.256122448	31
118.908163265	32
122.637755102	33
126.280612244	34
129.985714285	35
133.676530612	36
137.432653061	37
141.095918367	38
144.780612244	39
148.505102040	40
152.322448979	41
156.109183673	42
159.909183673	43
163.673469387	44
