0.213265306	0
2.370861678	1
4.482653061	2
6.602721088	3
8.711224489	4
10.842721088	5
12.971428571	6
15.066326530	7
17.167346938	8
19.290816326	9
21.397959183	10
23.518367346	11
25.651564625	12
27.798979591	13
29.928571428	14
32.093560090	15
34.175510204	16
36.264285714	17
38.352040816	18
40.410204081	19
42.487755102	20
44.602040816	21
46.720408163	22
48.809183673	23
50.901043083	24
53.006122448	25
55.115306122	26
57.228571428	27
59.312244897	28
61.479591836	29
63.602040816	30
65.714285714	31
67.785623582	32
69.914829931	33
72.001020408	34
74.133673469	35
76.227551020	36
78.354081632	37
80.465306122	38
82.557142857	39
84.628571428	40
86.733673469	41
88.821428571	42
90.925510204	43
92.981632653	44
95.103061224	45
97.241836734	46
99.362244897	47
101.459183673	48
103.512244897	49
105.633673469	50
107.720408163	51
109.785714285	52
111.882653061	53
113.921428571	54
116.000000000	55
118.017346938	56
120.040816326	57
122.111224489	58
124.174489795	59
126.204081632	60
128.269387755	61
130.321768707	62
132.376530612	63
134.389795918	64
136.476530612	65
138.529546485	66
140.596938775	67
142.622448979	68
144.691088435	69
146.745555555	70
148.811224489	71
150.827551020	72
152.921519274	73
155.013265306	74
157.097619047	75
159.205102040	76
161.304081632	77
163.380612244	78
165.464285714	79
167.496938775	80
169.574489795	81
171.657142857	82
173.769523809	83
175.868367346	84
177.965306122	85
180.066326530	86
182.121428571	87
184.148979591	88
186.225668934	89
188.318367346	90
190.330612244	91
192.395918367	92
194.460204081	93
196.584693877	94
198.656122448	95
200.728571428	96
202.800000000	97
204.877551020	98
206.971428571	99
209.042857142	100
211.153582766	101
213.273945578	102
215.338775510	103
217.385578231	104
219.465306122	105
221.535714285	106
223.605102040	107
225.618367346	108
227.689954648	109
229.761609977	110
231.820408163	111
233.853061224	112
235.924489795	113
238.011972789	114
240.107142857	115
242.135714285	116
244.189795918	117
246.224489795	118
248.283673469	119
250.309183673	120
252.377551020	121
254.430612244	122
256.516326530	123
258.585532879	124
260.665578231	125
262.732653061	126
264.776530612	127
266.797959183	128
268.887596371	129
270.955102040	130
272.994897959	131
275.025510204	132
277.077551020	133
279.130612244	134
281.207913832	135
283.247596371	136
