1.425510204	1
2.575646258	2
3.660204081	3
4.728004535	4
5.837755102	5
6.874489795	6
7.969115646	7
9.016326530	8
10.079727891	9
11.069387755	10
12.172154195	11
13.167687074	12
14.231700680	13
15.242857142	14
16.289795918	15
17.340816326	16
18.395918367	17
19.477551020	18
20.511632653	19
21.559614512	20
22.632176870	21
23.696213151	22
24.728163265	23
25.800136054	24
26.856167800	25
27.896349206	26
28.968140589	27
29.992358276	28
31.064149659	29
32.123174603	30
33.160113378	31
34.216326530	32
35.272857142	33
36.304331065	34
37.392380952	35
38.440294784	36
39.512312925	37
40.528276643	38
41.616575963	39
42.648117913	40
43.721791383	41
44.753219954	42
45.819682539	43
46.856281179	44
47.928117913	45
48.992154195	46
50.056485260	47
51.112108843	48
52.144285714	49
53.205941043	50
54.320226757	51
55.368299319	52
56.448299319	53
57.472154195	54
58.592131519	55
59.624172335	56
60.704172335	57
61.768117913	58
62.840385487	59
63.904126984	60
64.968344671	61
66.021405895	62
67.099478458	63
68.136145124	64
69.248321995	65
70.269455782	66
71.332947845	67
72.392131519	68
73.469387755	69
74.523469387	70
75.597959183	71
76.680136054	72
77.753333333	73
78.752154195	74
79.826712018	75
80.868367346	76
81.969365079	77
83.041020408	78
84.090090702	79
85.160657596	80
86.205963718	81
87.272222222	82
88.328117913	83
89.376167800	84
90.424308390	85
91.461224489	86
92.560204081	87
93.608117913	88
94.656145124	89
95.750204081	90
96.793401360	91
97.864376417	92
98.904263038	93
99.968163265	94
101.032131519	95
102.077551020	96
103.173469387	97
104.224240362	98
105.273786848	99
106.360272108	100
107.464126984	101
108.488321995	102
109.544444444	103
110.616258503	104
111.720068027	105
112.765306122	106
113.880158730	107
114.936167800	108
116.008367346	109
117.057142857	110
118.159115646	111
119.224149659	112
120.272176870	113
121.329410430	114
122.393877551	115
123.505328798	116
124.560136054	117
125.609183673	118
126.728185941	119
127.783673469	120
128.888117913	121
129.960204081	122
131.032199546	123
132.100000000	124
133.182653061	125
134.261224489	126
135.307142857	127
136.413265306	128
137.476530612	129
138.580022675	130
139.624240362	131
140.713877551	132
141.768299319	133
142.816485260	134
143.904126984	135
144.950000000	136
146.043877551	137
147.136349206	138
