1.705102040	1
4.376530612	2
7.084693877	3
9.778571428	4
12.498979591	5
15.251020408	6
17.953061224	7
20.667346938	8
23.381632653	9
26.101020408	10
28.795918367	11
31.513265306	12
34.195918367	13
36.840816326	14
39.420408163	15
41.990816326	16
44.546938775	17
47.160204081	18
49.768367346	19
52.369387755	20
54.989795918	21
57.593877551	22
60.202040816	23
62.795918367	24
65.386734693	25
67.965306122	26
70.492857142	27
73.061882086	28
75.608163265	29
78.115306122	30
182.116326530	31
184.894897959	32
187.721428571	33
190.462244897	34
193.210204081	35
195.962244897	36
198.735714285	37
201.426530612	38
204.118004535	39
206.785714285	40
209.446938775	41
212.086734693	42
214.740816326	43
217.315306122	44
219.963265306	45
222.602040816	46
225.279591836	47
227.868367346	48
230.461224489	49
233.019387755	50
235.568049886	51
238.088775510	52
246.955102040	53
257.373469387	54
266.270408163	55
268.971541950	56
271.624489795	57
274.243877551	58
276.870408163	59
279.410204081	60
282.013265306	61
284.624126984	62
287.248979591	63
289.870408163	64
292.435714285	65
295.036734693	66
297.558163265	67
300.067346938	68
302.650000000	69
305.204081632	70
307.762244897	71
310.284693877	72
312.825510204	73
315.357142857	74
317.891836734	75
320.446938775	76
322.918367346	77
325.443628117	78
