0.278979591837	0
1.78247165484	1
3.25839002184	2
4.73360544184	3
6.18979591784	4
7.71734693784	5
9.17376417184	6
10.6510430838	7
12.1124489788	8
13.5622448978	9
15.0091383218	10
16.4832653058	11
17.9400226748	12
19.3802947838	13
20.8213832198	14
22.2595691608	15
23.6633560088	16
25.1256689338	17
26.5896371878	18
28.0602040808	19
29.5336054418	20
30.9992743758	21
32.4697278908	22
33.9203401358	23
35.3735147388	24
36.8495464848	25
38.2436054418	26
39.6716326528	27
41.0241950108	28
42.4797959178	29
43.9256235818	30
45.3677777768	31
46.8190249428	32
48.2680952378	33
49.7244217678	34
51.1568027208	35
52.6148299318	36
54.0774149658	37
55.5178004528	38
56.9487301578	39
58.3303174598	40
59.5522675728	41
61.0180272108	42
62.4534240358	43
63.8885941038	44
65.3851473918	45
66.8172108838	46
68.2887755098	47
69.7589115638	48
71.2223809518	49
72.6773696138	50
74.1532653058	51
75.6204761898	52
77.1493650788	53
78.6214058948	54
80.1193424028	55
81.5967120178	56
83.1131519268	57
84.6295918358	58
86.1391156458	59
87.6614058948	60
89.1813378678	61
90.6992743758	62
92.1734013598	63
93.6536734688	64
95.1412018138	65
96.6301814058	66
98.1336734688	67
99.6463265298	68
101.118639455	69
102.602063492	70
104.10845805	71
105.601791383	72
107.105283446	73
108.613356009	74
110.084693877	75
111.582380952	76
113.074263038	77
114.585011338	78
116.073990929	79
117.567324263	80
119.095283446	81
120.605623582	82
122.108276644	83
123.613219954	84
125.139931972	85
126.621723356	86
128.125147392	87
129.650408163	88
131.164058957	89
132.648684807	90
134.166689342	91
135.66292517	92
137.164965986	93
138.685419501	94
140.222743764	95
141.732040816	96
143.225374149	97
144.749183673	98
146.219297052	99
147.676349206	100
149.137755102	101
150.629410431	102
152.102653061	103
153.65510204	104
155.131405895	105
156.645056689	106
158.173446712	107
159.646235827	108
161.19324263	109
162.712721088	110
164.207505669	111
165.741473923	112
167.265283446	113
