0.345396825	0
2.139138321	1
3.860158730	2
5.603990929	3
7.337505668	4
9.035714285	5
10.835011337	6
12.563741496	7
14.299750566	8
16.004036281	9
17.777777777	10
19.532335600	11
21.234648526	12
23.003718820	13
24.749523809	14
26.460589569	15
28.218185941	16
29.992925170	17
31.728616780	18
33.488979591	19
35.231927437	20
37.000997732	21
38.741383219	22
40.500793650	23
42.231292517	24
43.959727891	25
45.683809523	26
47.492063492	27
49.180045351	28
50.923786848	29
52.655600907	30
54.403832199	31
56.167619047	32
57.933786848	33
59.669478458	34
61.418231292	35
63.156825396	36
64.928798185	37
66.683764172	38
68.449523809	39
70.211927437	40
71.958049886	41
73.758185941	42
75.472108843	43
77.243764172	44
79.011904761	45
80.764263038	46
82.530975056	47
84.293310657	48
86.077823129	49
87.881723356	50
89.628072562	51
91.323832199	52
93.078526077	53
94.846054421	54
96.599365079	55
98.329251700	56
100.108163265	57
101.870294784	58
103.645170068	59
105.377959183	60
107.134126984	61
108.883718820	62
110.630022675	63
112.388934240	64
114.158004535	65
115.907868480	66
117.656961451	67
119.415873015	68
121.164512471	69
122.907573696	70
124.631655328	71
126.396371882	72
128.153718820	73
129.925986394	74
131.676009070	75
133.426213151	76
135.195873015	77
136.947936507	78
138.724104308	79
140.475850340	80
142.253038548	81
144.011950113	82
145.809705215	83
147.522176870	84
149.301609977	85
151.028390022	86
152.780045351	87
154.547868480	88
156.299727891	89
158.028095238	90
159.766870748	91
161.591179138	92
