0.443560090703	0
2.6236961447	1
4.8114512467	2
6.9914739227	3
9.1734920627	4
11.3649206347	5
13.5407029477	6
15.7295464847	7
17.9096825387	8
20.0941723347	9
22.2808390017	10
24.4435600907	11
26.6498185937	12
28.8310430837	13
30.9926757367	14
33.1869614507	15
35.3877777777	16
37.5646485257	17
39.7676417227	18
41.9216553287	19
44.1235600907	20
46.2797505667	21
48.4936281177	22
50.6628798177	23
52.8473696137	24
55.0362131517	25
57.1978458047	26
59.3758049877	27
61.5755328797	28
63.7469614507	29
65.9336281177	30
68.1192063487	31
70.3058730157	32
72.4979818587	33
74.6922675727	34
76.8669614507	35
79.0264172327	36
81.2163492057	37
83.3964852607	38
85.5907709747	39
87.7774376417	40
89.9595011337	41
92.1434013597	42
94.3211111107	43
96.5208390017	44
98.6879138317	45
100.884376417	46
103.025328798	47
105.214172335	48
107.404104308	49
109.587505669	50
111.798117914	51
113.937981859	52
116.13770975	53
118.301519274	54
120.462063492	55
122.661791383	56
124.854988662	57
127.032947846	58
129.228321995	59
131.40845805	60
133.578798186	61
135.764376417	62
137.952131519	63
140.142063492	64
142.325464852	65
144.494716553	66
146.691179138	67
148.86260771	68
151.051451247	69
153.230498866	70
155.420430839	71
157.602743764	72
159.755668934	73
161.956485261	74
164.172539682	75
166.346145125	76
168.503424036	77
170.706417233	78
172.890907029	79
175.057981859	80
177.239206349	81
179.434580499	82
181.623424036	83
183.800294784	84
186.010907029	85
188.129002267	86
190.367913832	87
192.508866213	88
194.736893424	89
196.929002267	90
199.077573696	91
201.281655329	92
203.444376417	93
205.654988662	94
207.827505669	95
210.011995465	96
212.170362812	97
214.355941043	98
216.550226757	99
218.737981859	100
220.929002267	101
223.100430839	102
225.290362812	103
227.475941043	104
229.653900227	105
231.841655329	106
234.034852608	107
236.207369614	108
238.383151927	109
240.575260771	110
242.760839002	111
244.940975056	112
247.137437642	113
249.324104308	114
251.486825397	115
253.644104308	116
255.853628118	117
258.031587301	118
260.220430839	119
262.423424036	120
264.590498866	121
266.765192744	122
268.952947846	123
271.121111111	124
273.327505669	125
275.507505669	126
277.684376417	127
279.872131519	128
282.065328798	129
284.265124716	130
286.440680272	131
288.623514739	132
