0.373469387	0
2.130612244	1
3.906122448	2
5.683673469	3
7.460204081	4
9.236734693	5
11.013265306	6
12.791836734	7
14.565306122	8
16.340816326	9
18.118367346	10
19.895918367	11
21.672448979	12
23.446938775	13
25.221428571	14
27.000000000	15
28.774489795	16
30.525011337	17
32.326530612	18
34.098979591	19
35.879591836	20
37.638775510	21
39.429591836	22
41.211224489	23
42.987755102	24
44.746938775	25
46.538775510	26
48.309183673	27
50.080612244	28
51.859183673	29
53.635714285	30
55.404784580	31
57.184693877	32
58.956122448	33
60.765306122	34
62.522448979	35
64.312244897	36
66.065306122	37
67.864285714	38
69.606122448	39
71.394897959	40
73.131632653	41
74.950000000	42
76.737755102	43
78.509183673	44
80.276530612	45
82.059183673	46
83.815306122	47
85.624489795	48
87.398979591	49
89.141836734	50
90.917346938	51
92.717346938	52
94.474489795	53
96.256394557	54
98.037755102	55
99.791836734	56
101.555102040	57
103.367959183	58
105.134693877	59
106.903061224	60
108.688775510	61
110.456122448	62
112.256122448	63
114.000000000	64
115.818435374	65
117.572448979	66
119.326530612	67
121.110204081	68
122.913265306	69
124.661224489	70
126.450000000	71
128.205102040	72
130.013265306	73
131.783673469	74
133.550000000	75
135.322448979	76
137.122448979	77
138.840816326	78
140.632653061	79
142.417346938	80
144.201020408	81
145.980612244	82
147.742857142	83
149.495918367	84
151.275510204	85
153.070408163	86
154.842857142	87
156.629115646	88
158.404081632	89
160.195918367	90
161.946938775	91
163.720408163	92
165.509160997	93
167.289795918	94
169.061224489	95
170.806122448	96
172.616326530	97
174.343877551	98
176.128571428	99
177.922448979	100
179.691836734	101
181.493877551	102
183.252040816	103
185.041836734	104
186.800000000	105
188.577551020	106
190.341836734	107
192.147959183	108
193.905102040	109
195.687755102	110
197.459183673	111
199.245918367	112
200.994897959	113
202.797959183	114
204.526530612	115
206.334693877	116
208.135714285	117
209.887755102	118
211.677845804	119
213.435714285	120
215.240816326	121
217.000000000	122
218.733673469	123
220.528571428	124
222.319387755	125
224.094897959	126
225.866326530	127
227.657142857	128
229.413265306	129
231.201020408	130
232.965306122	131
234.747959183	132
236.515306122	133
238.291836734	134
240.060204081	135
241.855102040	136
243.612244897	137
245.397528344	138
247.148979591	139
248.932653061	140
250.671428571	141
252.471111111	142
254.231632653	143
256.041836734	144
257.817346938	145
259.577551020	146
261.340816326	147
263.063265306	148
264.901247165	149
266.631632653	150
268.454126984	151
270.232653061	152
272.013469387	153
273.781224489	154
275.554081632	155
277.322448979	156
279.093877551	157
280.879591836	158
282.648979591	159
284.453061224	160
286.176530612	161
287.973197278	162
289.742312925	163
291.525215419	164
293.297959183	165
295.053061224	166
296.837210884	167
298.637188208	168
300.399841269	169
302.189229024	170
303.961224489	171
305.739795918	172
307.504081632	173
309.276530612	174
311.057142857	175
312.833673469	176
314.591836734	177
316.360204081	178
318.157233560	179
319.929591836	180
321.696938775	181
323.473469387	182
325.258163265	183
327.023469387	184
328.767346938	185
330.576530612	186
332.336734693	187
334.058163265	188
335.890816326	189
337.670408163	190
339.461383219	191
341.215306122	192
342.978571428	193
344.758163265	194
346.528571428	195
348.309183673	196
350.065306122	197
351.825510204	198
353.616326530	199
355.388775510	200
357.167346938	201
358.957188208	202
360.755578231	203
362.517165532	204
364.288775510	205
366.047959183	206
367.861179138	207
369.615306122	208
371.387755102	209
373.135714285	210
374.933174603	211
376.698979591	212
378.469365079	213
380.242857142	214
382.027551020	215
383.794897959	216
385.547959183	217
387.337755102	218
389.118367346	219
390.888775510	220
392.672448979	221
394.445374149	222
396.227551020	223
397.997210884	224
399.770408163	225
401.543877551	226
403.319387755	227
405.092857142	228
406.869387755	229
408.644897959	230
410.418367346	231
412.192857142	232
413.967346938	233
415.741836734	234
417.514285714	235
419.290816326	236
421.064285714	237
422.838775510	238
424.615306122	239
426.388775510	240
428.164285714	241
429.939795918	242
431.713265306	243
433.485714285	244
435.260204081	245
437.038707482	246
438.811224489	247
440.585714285	248
442.359183673	249
444.132653061	250
445.908163265	251
447.681632653	252
449.455102040	253
451.191836734	254
452.985714285	255
454.762244897	256
456.544897959	257
458.318730158	258
460.090816326	259
461.863265306	260
463.636734693	261
464.521428571	262
466.327551020	263
468.135714285	264
469.863265306	265
471.630612244	266
473.415306122	267
475.177551020	268
476.958163265	269
478.732653061	270
480.489795918	271
482.274965986	272
484.058843537	273
485.838775510	274
487.606122448	275
489.370408163	276
491.140816326	277
492.901020408	278
494.696938775	279
496.462244897	280
498.239795918	281
500.013265306	282
501.797959183	283
503.566326530	284
508.142857142	285
