0.524172335601	0
3.0333786846	1
5.5164625846	2
7.9705215416	3
10.4563718816	4
12.9124489786	5
15.3363492056	6
17.7765986386	7
20.2393650786	8
22.7441496596	9
25.1590929696	10
27.6610430836	11
30.1020408156	12
32.4980498866	13
34.9608163256	14
37.4192290246	15
39.9690702946	16
42.4376417226	17
44.9122448976	18
47.3921541946	19
49.8239002266	20
52.3177324256	21
54.7924489786	22
57.2780952376	23
59.7553741496	24
62.2428117906	25
64.8318367346	26
67.3990929696	27
69.8850793646	28
72.4087981856	29
74.9282539676	30
77.4634920626	31
79.9712471646	32
82.4907256226	33
84.9688662126	34
87.3763265306	35
89.8241269836	36
92.3344217686	37
94.8102494326	38
97.4210430836	39
99.9360544216	40
102.49170068	41
104.960272109	42
107.462222222	43
109.984489796	44
112.456122449	45
115.024671202	46
117.909750567	47
121.256462585	48
