1.192857142	1
4.296938775	2
7.285714285	3
10.297959183	4
13.312653061	5
16.257142857	6
19.194897959	7
22.104716553	8
25.136689342	9
28.081043083	10
31.032721088	11
33.992698412	12
36.937755102	13
39.832698412	14
42.783673469	15
45.784693877	16
48.744693877	17
51.995918367	18
53.559251700	19
56.639251700	20
59.746485260	21
62.859183673	22
66.012040816	23
69.092857142	24
72.130408163	25
75.234603174	26
78.224489795	27
81.218480725	28
84.182653061	29
87.218662131	30
90.263265306	31
93.258616780	32
96.270408163	33
99.226530612	34
102.252040816	35
105.080612244	36
108.050634920	37
110.938775510	38
113.818662131	39
116.682426303	40
119.580045351	41
122.373469387	42
125.156122448	43
127.882653061	44
130.624489795	45
133.346938775	46
136.062244897	47
138.771428571	48
141.483673469	49
144.187755102	50
146.971428571	51
149.692857142	52
152.424489795	53
155.147959183	54
157.870408163	55
160.544897959	56
163.225510204	57
165.909183673	58
168.601020408	59
171.267346938	60
174.059818594	61
176.802471655	62
179.521428571	63
182.191836734	64
184.878571428	65
187.556417233	66
190.263265306	67
192.970498866	68
195.642857142	69
198.340839002	70
201.026530612	71
203.690816326	72
206.367346938	73
209.015306122	74
211.682653061	75
214.355079365	76
217.035714285	77
219.738775510	78
222.418367346	79
225.047959183	80
227.745918367	81
230.441836734	82
233.127551020	83
235.776530612	84
238.428571428	85
241.077800453	86
243.703061224	87
246.344897959	88
249.091791383	89
251.756122448	90
254.402630385	91
257.055102040	92
259.690680272	93
262.306417233	94
264.942857142	95
267.589795918	96
270.188775510	97
272.834444444	98
275.413265306	99
278.010204081	100
280.630612244	101
283.224489795	102
285.797959183	103
288.481632653	104
291.081632653	105
293.691836734	106
296.269387755	107
298.868367346	108
301.465306122	109
304.118367346	110
306.757142857	111
309.416326530	112
312.085011337	113
314.744897959	114
317.394603174	115
320.003061224	116
322.595918367	117
325.229591836	118
327.852947845	119
330.479591836	120
333.060204081	121
335.694897959	122
338.293061224	123
340.973469387	124
343.555192743	125
346.173469387	126
348.722448979	127
351.324943310	128
353.900952380	129
356.502267573	130
359.083673469	131
361.701156462	132
364.270408163	133
366.909138321	134
369.469047619	135
372.141020408	136
374.757074829	137
377.381632653	138
379.991020408	139
382.559183673	140
385.127551020	141
387.691836734	142
390.284943310	143
392.856122448	144
395.428979591	145
398.045011337	146
400.580952380	147
403.116326530	148
405.673809523	149
408.290816326	150
410.857142857	151
413.423469387	152
415.976530612	153
418.569727891	154
421.097959183	155
423.647959183	156
426.212244897	157
428.778571428	158
431.275510204	159
433.795918367	160
436.326530612	161
438.847959183	162
441.377165532	163
