0.654081632	0
2.383673469	1
4.156122448	2
5.942857142	3
7.711224489	4
9.471428571	5
11.245918367	6
12.992857142	7
14.747959183	8
16.525510204	9
18.267346938	10
20.020408163	11
21.778571428	12
23.520408163	13
25.288775510	14
27.020408163	15
28.751020408	16
30.486734693	17
32.197959183	18
33.929591836	19
35.672448979	20
37.408163265	21
39.133673469	22
40.929160997	23
42.666326530	24
44.403061224	25
46.142857142	26
47.876530612	27
49.635714285	28
51.371428571	29
53.090816326	30
54.836734693	31
56.548979591	32
58.283673469	33
60.009183673	34
61.720408163	35
63.464285714	36
65.203061224	37
66.953151927	38
68.686734693	39
70.416326530	40
72.135714285	41
73.868367346	42
75.633673469	43
77.386734693	44
79.155102040	45
80.877551020	46
82.610204081	47
84.323469387	48
86.059183673	49
87.760204081	50
89.487755102	51
91.219387755	52
92.986734693	53
94.739795918	54
96.502040816	55
98.271428571	56
100.049342403	57
101.773469387	58
103.526530612	59
105.255102040	60
107.025510204	61
108.754081632	62
110.500000000	63
112.214285714	64
113.982653061	65
115.712244897	66
117.414285714	67
119.180612244	68
120.926530612	69
122.655102040	70
124.396938775	71
126.144897959	72
128.181632653	73
