0.783673469	1
3.254376417	2
5.724489795	3
8.288775510	4
10.841836734	5
13.257142857	6
15.772766439	7
18.231632653	8
20.791836734	9
23.304081632	10
25.803061224	11
28.326530612	12
30.911224489	13
33.396938775	14
35.988775510	15
38.497959183	16
41.058163265	17
43.551020408	18
46.033673469	19
48.532857142	20
51.023469387	21
53.460204081	22
55.985714285	23
58.412902494	24
60.889795918	25
63.380612244	26
65.905102040	27
68.383582766	28
70.984693877	29
73.447573696	30
76.065306122	31
78.536734693	32
81.133673469	33
83.679591836	34
86.220408163	35
88.754081632	36
91.237755102	37
93.720408163	38
96.219387755	39
98.710204081	40
101.270408163	41
103.769387755	42
106.314285714	43
108.763265306	44
111.314285714	45
113.799773242	46
116.319387755	47
118.794897959	48
121.251315192	49
123.759501133	50
126.244897959	51
128.766326530	52
131.280612244	53
133.844897959	54
136.315306122	55
138.816326530	56
141.277551020	57
143.794126984	58
146.409183673	59
148.984693877	60
151.580612244	61
154.097959183	62
156.647732426	63
159.254081632	64
161.904580498	65
