1.096938775	0
2.967346938	1
4.779591836	2
6.673469387	3
8.576984126	4
10.424489795	5
12.327233560	6
14.175351473	7
16.033673469	8
17.906122448	9
19.728571428	10
21.592857142	11
23.439795918	12
25.318367346	13
27.165306122	14
29.010204081	15
30.873469387	16
32.726530612	17
34.559229024	18
36.479274376	19
38.319387755	20
40.244897959	21
42.108163265	22
43.965306122	23
45.831269841	24
47.687210884	25
49.582653061	26
51.455215419	27
53.367233560	28
55.192857142	29
57.046938775	30
58.908163265	31
60.778571428	32
62.645918367	33
64.529591836	34
66.406122448	35
68.295328798	36
70.167165532	37
72.047210884	38
73.957142857	39
75.811224489	40
77.703174603	41
79.551360544	42
81.393877551	43
83.278571428	44
85.159319727	45
87.038775510	46
88.891836734	47
90.767437641	48
92.661224489	49
94.575646258	50
96.527301587	51
98.471428571	52
100.472448979	53
102.324489795	54
104.210770975	55
106.130612244	56
107.963265306	57
109.861020408	58
111.668367346	59
113.532698412	60
115.439795918	61
117.254081632	62
119.141337868	63
120.995918367	64
122.843877551	65
124.689795918	66
126.530612244	67
128.345918367	68
130.291836734	69
132.066326530	70
133.932131519	71
135.756258503	72
137.622448979	73
139.506122448	74
141.364331065	75
143.205102040	76
145.079591836	77
146.986734693	78
148.868185941	79
150.763265306	80
152.626530612	81
154.516122448	82
156.372131519	83
158.244104308	84
160.140158730	85
162.013832199	86
163.889795918	87
165.747959183	88
167.615306122	89
169.492857142	90
171.419387755	91
173.255102040	92
175.096938775	93
176.996167800	94
178.928571428	95
180.764308390	96
182.645918367	97
184.488775510	98
186.375510204	99
188.246167800	100
190.077551020	101
191.948117913	102
193.869183673	103
195.741836734	104
197.609183673	105
199.437755102	106
201.460317460	107
203.379591836	108
205.287755102	109
207.166326530	110
209.068095238	111
210.876417233	112
212.763265306	113
214.639682539	114
216.532131519	115
218.412222222	116
220.457142857	117
222.340816326	118
224.253061224	119
226.135714285	120
228.013265306	121
229.838775510	122
231.691836734	123
233.583673469	124
235.540113378	125
