1.331632653	1
3.989795918	2
6.594897959	3
9.195918367	4
11.767142857	5
14.385714285	6
16.979591836	7
19.607142857	8
22.160181405	9
24.751156462	10
27.399138321	11
29.967120181	12
32.609591836	13
35.145510204	14
37.609183673	15
40.127120181	16
42.616326530	17
45.125328798	18
47.655147392	19
50.210204081	20
52.815374149	21
55.503242630	22
57.992857142	23
60.580612244	24
63.215374149	25
65.855238095	26
68.471088435	27
71.055691609	28
73.633673469	29
76.265306122	30
78.896938775	31
81.527392290	32
84.127120181	33
86.791292517	34
89.385714285	35
91.964285714	36
94.455102040	37
97.017346938	38
99.458163265	39
101.963265306	40
104.532653061	41
107.127142857	42
109.780612244	43
112.351383219	44
114.943106575	45
117.568367346	46
120.135510204	47
122.743424036	48
125.327165532	49
127.943174603	50
130.560634920	51
133.079342403	52
135.603061224	53
138.158163265	54
140.703424036	55
143.229591836	56
145.756122448	57
148.238775510	58
150.725510204	59
153.185714285	60
155.654081632	61
158.122448979	62
160.590816326	63
163.015306122	64
165.434693877	65
167.885714285	66
170.269387755	67
172.737755102	68
175.211224489	69
177.697959183	70
180.175510204	71
182.660204081	72
185.081632653	73
187.609183673	74
190.077551020	75
192.615306122	76
195.155102040	77
197.692857142	78
200.152040816	79
202.770408163	80
205.335464852	81
207.806122448	82
210.264285714	83
212.734693877	84
215.184988662	85
217.599138321	86
220.076530612	87
222.608163265	88
225.167687074	89
